Typical Measured Spectrum of Semrock FF01-460/60 Optical Filter	
For wavelengths between 320 and 1120 nm, values near or below 3e-7 (Optical Density 6.5) are measurement noise limited.
For wavelengths < 320 nm and > 1120 nm, values near or below 3e-6 (Optical Density 5.5) are measurement noise limited. 
Data format:  Wavelength (nm) <tab> Transmission (0 to 1)
270.0	3.8755e-05
270.2	3.8663e-05
270.4	3.857e-05
270.6	3.8478e-05
270.8	3.8386e-05
271.0	3.8294e-05
271.2	3.8203e-05
271.4	3.8111e-05
271.6	3.802e-05
271.8	3.7929e-05
272.0	3.7838e-05
272.2	3.7748e-05
272.4	3.7695e-05
272.6	3.7761e-05
272.8	3.7828e-05
273.0	3.7895e-05
273.2	3.7961e-05
273.4	3.8028e-05
273.6	3.8096e-05
273.8	3.8163e-05
274.0	3.823e-05
274.2	3.8298e-05
274.4	3.8365e-05
274.6	3.8433e-05
274.8	3.8501e-05
275.0	3.8569e-05
275.2	3.6651e-05
275.4	3.4829e-05
275.6	3.3754e-05
275.8	3.359e-05
276.0	3.3428e-05
276.2	3.3267e-05
276.4	3.3106e-05
276.6	3.2946e-05
276.8	3.2787e-05
277.0	3.2628e-05
277.2	3.247e-05
277.4	3.2313e-05
277.6	3.2157e-05
277.8	3.2002e-05
278.0	3.1847e-05
278.2	3.1693e-05
278.4	3.154e-05
278.6	3.1163e-05
278.8	2.9051e-05
279.0	2.7081e-05
279.2	2.5246e-05
279.4	2.3535e-05
279.6	2.1939e-05
279.8	2.0452e-05
280.0	1.9066e-05
280.2	1.7774e-05
280.4	1.6569e-05
280.6	1.5446e-05
280.8	1.4399e-05
281.0	1.3423e-05
281.2	1.2513e-05
281.4	1.1665e-05
281.6	1.0874e-05
281.8	1.0962e-05
282.0	1.1276e-05
282.2	1.1598e-05
282.4	1.193e-05
282.6	1.2272e-05
282.8	1.2623e-05
283.0	1.2984e-05
283.2	1.3355e-05
283.4	1.3738e-05
283.6	1.4131e-05
283.8	1.4535e-05
284.0	1.4951e-05
284.2	1.5379e-05
284.4	1.5819e-05
284.6	1.6271e-05
284.8	1.6056e-05
285.0	1.5174e-05
285.2	1.4341e-05
285.4	1.3553e-05
285.6	1.2808e-05
285.8	1.2104e-05
286.0	1.1439e-05
286.2	1.0811e-05
286.4	1.0217e-05
286.6	9.6556e-06
286.8	9.1251e-06
287.0	8.6238e-06
287.2	8.15e-06
287.4	7.7022e-06
287.6	7.2791e-06
287.8	6.9597e-06
288.0	7.0046e-06
288.2	7.0497e-06
288.4	7.0951e-06
288.6	7.1408e-06
288.8	7.1868e-06
289.0	7.2331e-06
289.2	7.2797e-06
289.4	7.3266e-06
289.6	7.3739e-06
289.8	7.4214e-06
290.0	7.4692e-06
290.2	7.5173e-06
290.4	7.5657e-06
290.6	7.6145e-06
290.8	7.6635e-06
291.0	7.5244e-06
291.2	7.3651e-06
291.4	7.2093e-06
291.6	7.0567e-06
291.8	6.9074e-06
292.0	6.7613e-06
292.2	6.6182e-06
292.4	6.4781e-06
292.6	6.3411e-06
292.8	6.2069e-06
293.0	6.0755e-06
293.2	5.947e-06
293.4	5.8211e-06
293.6	5.698e-06
293.8	5.5774e-06
294.0	5.4517e-06
294.2	5.3238e-06
294.4	5.199e-06
294.6	5.077e-06
294.8	4.9579e-06
295.0	4.8417e-06
295.2	4.7441e-06
295.4	4.6486e-06
295.6	4.5549e-06
295.8	4.4632e-06
296.0	4.3733e-06
296.2	4.2852e-06
296.4	4.1989e-06
296.6	4.1143e-06
296.8	4.0314e-06
297.0	3.9502e-06
297.2	3.8857e-06
297.4	3.9964e-06
297.6	4.1102e-06
297.8	4.2274e-06
298.0	4.3478e-06
298.2	4.4717e-06
298.4	4.5991e-06
298.6	4.7301e-06
298.8	4.8649e-06
299.0	5.0035e-06
299.2	5.146e-06
299.4	5.2926e-06
299.6	5.4434e-06
299.8	5.5985e-06
300.0	5.758e-06
300.2	5.922e-06
300.4	5.7015e-06
300.6	5.3936e-06
300.8	5.1023e-06
301.0	4.8268e-06
301.2	4.5661e-06
301.4	4.3195e-06
301.6	4.0863e-06
301.8	3.8656e-06
302.0	3.6568e-06
302.2	3.4594e-06
302.4	3.2725e-06
302.6	3.0958e-06
302.8	2.9286e-06
303.0	2.7705e-06
303.2	2.6209e-06
303.4	2.6648e-06
303.6	2.9082e-06
303.8	3.1737e-06
304.0	3.4634e-06
304.2	3.7797e-06
304.4	4.1248e-06
304.6	4.5013e-06
304.8	4.9123e-06
305.0	5.3608e-06
305.2	7.0772e-06
305.4	7.0948e-06
305.6	7.1125e-06
305.8	7.1302e-06
306.0	7.1479e-06
306.2	7.1657e-06
306.4	7.1836e-06
306.6	7.2015e-06
306.8	7.2194e-06
307.0	7.2374e-06
307.2	7.2555e-06
307.4	7.2735e-06
307.6	7.2916e-06
307.8	7.3098e-06
308.0	7.328e-06
308.2	7.3605e-06
308.4	7.5037e-06
308.6	7.6496e-06
308.8	7.7984e-06
309.0	7.9502e-06
309.2	8.1048e-06
309.4	8.2625e-06
309.6	8.4232e-06
309.8	8.5871e-06
310.0	8.7542e-06
310.2	8.9245e-06
310.4	9.0981e-06
310.6	9.2751e-06
310.8	9.4555e-06
311.0	9.6395e-06
311.2	9.827e-06
311.4	9.8196e-06
311.6	9.7601e-06
311.8	9.701e-06
312.0	9.6422e-06
312.2	9.5838e-06
312.4	9.5257e-06
312.6	9.468e-06
312.8	9.4107e-06
313.0	9.3537e-06
313.2	9.297e-06
313.4	9.2407e-06
313.6	9.1847e-06
313.8	9.1291e-06
314.0	9.0738e-06
314.2	9.0188e-06
314.4	9.0701e-06
314.6	9.2433e-06
314.8	9.4198e-06
315.0	9.5997e-06
315.2	9.783e-06
315.4	9.9699e-06
315.6	1.016e-05
315.8	1.0354e-05
316.0	1.0552e-05
316.2	1.0754e-05
316.4	1.0959e-05
316.6	1.1168e-05
316.8	1.1381e-05
317.0	1.1599e-05
317.2	1.182e-05
317.4	1.2071e-05
317.6	1.2471e-05
317.8	1.2883e-05
318.0	1.3309e-05
318.2	1.3749e-05
318.4	1.4203e-05
318.6	1.4673e-05
318.8	1.5158e-05
319.0	1.5659e-05
319.2	1.6176e-05
319.4	1.6711e-05
319.6	1.7264e-05
319.8	1.7834e-05
320.0	1.8424e-05
320.2	1.9033e-05
320.4	1.9662e-05
320.6	2.0404e-05
320.8	2.1192e-05
321.0	2.2011e-05
321.2	2.2861e-05
321.4	2.3744e-05
321.6	2.466e-05
321.8	2.5613e-05
322.0	2.6602e-05
322.2	2.7629e-05
322.4	2.8696e-05
322.6	2.9804e-05
322.8	3.0955e-05
323.0	3.2151e-05
323.2	3.3392e-05
323.4	3.4682e-05
323.6	3.5104e-05
323.8	3.4758e-05
324.0	3.4416e-05
324.2	3.4077e-05
324.4	3.3742e-05
324.6	3.341e-05
324.8	3.3081e-05
325.0	3.2755e-05
325.2	3.2433e-05
325.4	3.2113e-05
325.6	3.1797e-05
325.8	3.1484e-05
326.0	3.1174e-05
326.2	3.0867e-05
326.4	3.0564e-05
326.6	2.9832e-05
326.8	2.7825e-05
327.0	2.5953e-05
327.2	2.4206e-05
327.4	2.2578e-05
327.6	2.1059e-05
327.8	1.9642e-05
328.0	1.832e-05
328.2	1.7088e-05
328.4	1.5938e-05
328.6	1.4866e-05
328.8	1.3865e-05
329.0	1.2932e-05
329.2	1.2062e-05
329.4	1.1251e-05
329.6	1.0494e-05
329.8	9.8337e-06
330.0	9.2175e-06
330.2	8.6398e-06
330.4	8.0984e-06
330.6	7.5909e-06
330.8	7.1152e-06
331.0	6.6693e-06
331.2	6.2513e-06
331.4	5.8596e-06
331.6	5.4923e-06
331.8	5.1482e-06
332.0	4.8255e-06
332.2	4.5231e-06
332.4	4.2397e-06
332.6	3.974e-06
332.8	3.8614e-06
333.0	3.8222e-06
333.2	3.7834e-06
333.4	3.7451e-06
333.6	3.7071e-06
333.8	3.6694e-06
334.0	3.6322e-06
334.2	3.5953e-06
334.4	3.5589e-06
334.6	3.5228e-06
334.8	3.487e-06
335.0	3.4516e-06
335.2	3.4166e-06
335.4	3.3819e-06
335.6	3.3476e-06
335.8	3.3121e-06
336.0	3.2745e-06
336.2	3.2372e-06
336.4	3.2004e-06
336.6	3.1641e-06
336.8	3.1281e-06
337.0	3.0926e-06
337.2	3.0574e-06
337.4	3.0227e-06
337.6	2.9883e-06
337.8	2.9543e-06
338.0	2.9208e-06
338.2	2.8876e-06
338.4	2.8547e-06
338.6	2.8223e-06
338.8	2.7928e-06
339.0	2.7867e-06
339.2	2.7805e-06
339.4	2.7744e-06
339.6	2.7683e-06
339.8	2.7622e-06
340.0	2.7562e-06
340.2	2.7501e-06
340.4	2.7441e-06
340.6	2.7381e-06
340.8	2.732e-06
341.0	2.726e-06
341.2	2.7201e-06
341.4	2.7141e-06
341.6	2.7081e-06
341.8	2.7022e-06
342.0	2.6635e-06
342.2	2.6188e-06
342.4	2.5748e-06
342.6	2.5316e-06
342.8	2.489e-06
343.0	2.4473e-06
343.2	2.4062e-06
343.4	2.3658e-06
343.6	2.3261e-06
343.8	2.287e-06
344.0	2.2486e-06
344.2	2.2108e-06
344.4	2.1737e-06
344.6	2.1372e-06
344.8	2.1013e-06
345.0	2.0817e-06
345.2	2.0746e-06
345.4	2.0675e-06
345.6	2.0604e-06
345.8	2.0534e-06
346.0	2.0463e-06
346.2	2.0393e-06
346.4	2.0323e-06
346.6	2.0254e-06
346.8	2.0184e-06
347.0	2.0115e-06
347.2	2.0046e-06
347.4	1.9978e-06
347.6	1.9909e-06
347.8	1.9841e-06
348.0	1.974e-06
348.2	1.9562e-06
348.4	1.9386e-06
348.6	1.9211e-06
348.8	1.9038e-06
349.0	1.8867e-06
349.2	1.8697e-06
349.4	1.8529e-06
349.6	1.8362e-06
349.8	1.8196e-06
350.0	1.8033e-06
350.2	1.787e-06
350.4	1.7709e-06
350.6	1.755e-06
350.8	1.7392e-06
351.0	1.7241e-06
351.2	1.7207e-06
351.4	1.7174e-06
351.6	1.7141e-06
351.8	1.7107e-06
352.0	1.7074e-06
352.2	1.7041e-06
352.4	1.7008e-06
352.6	1.6975e-06
352.8	1.6942e-06
353.0	1.6909e-06
353.2	1.6877e-06
353.4	1.6844e-06
353.6	1.6811e-06
353.8	1.6779e-06
354.0	1.6746e-06
354.2	1.6822e-06
354.4	1.6926e-06
354.6	1.7032e-06
354.8	1.7138e-06
355.0	1.7244e-06
355.2	1.7351e-06
355.4	1.7459e-06
355.6	1.7568e-06
355.8	1.7677e-06
356.0	1.7787e-06
356.2	1.7898e-06
356.4	1.8009e-06
356.6	1.8121e-06
356.8	1.8234e-06
357.0	1.8347e-06
357.2	1.8262e-06
357.4	1.8013e-06
357.6	1.7768e-06
357.8	1.7525e-06
358.0	1.7286e-06
358.2	1.7051e-06
358.4	1.6818e-06
358.6	1.6589e-06
358.8	1.6363e-06
359.0	1.614e-06
359.2	1.592e-06
359.4	1.5703e-06
359.6	1.5489e-06
359.8	1.5278e-06
360.0	1.507e-06
360.2	1.5104e-06
360.4	1.5699e-06
360.6	1.6318e-06
360.8	1.6962e-06
361.0	1.7631e-06
361.2	1.8326e-06
361.4	1.9049e-06
361.6	1.98e-06
361.8	2.0581e-06
362.0	2.1392e-06
362.2	2.2236e-06
362.4	2.3113e-06
362.6	2.4024e-06
362.8	2.4971e-06
363.0	2.5956e-06
363.2	2.6527e-06
363.4	2.1652e-06
363.6	1.7672e-06
363.8	1.4424e-06
364.0	1.1773e-06
364.2	9.6097e-07
364.4	7.8436e-07
364.6	6.4021e-07
364.8	5.2255e-07
365.0	4.2651e-07
365.2	7.8804e-07
365.4	6.8825e-07
365.6	7.4817e-07
365.8	8.1929e-07
366.0	8.15e-07
366.2	7.8252e-07
366.4	7.5501e-07
366.6	6.6766e-07
366.8	7.9914e-07
367.0	7.5269e-07
367.2	8.0106e-07
367.4	7.1882e-07
367.6	7.7083e-07
367.8	8.0517e-07
368.0	8.155e-07
368.2	7.4346e-07
368.4	7.4578e-07
368.6	7.5069e-07
368.8	8.3983e-07
369.0	7.5895e-07
369.2	7.5173e-07
369.4	7.1296e-07
369.6	7.7791e-07
369.8	7.078e-07
370.0	8.4742e-07
370.2	8.134e-07
370.4	7.5135e-07
370.6	6.9002e-07
370.8	7.0096e-07
371.0	7.8454e-07
371.2	7.5664e-07
371.4	7.6711e-07
371.6	7.4145e-07
371.8	7.8502e-07
372.0	7.4843e-07
372.2	7.7695e-07
372.4	8.1414e-07
372.6	7.5013e-07
372.8	7.2748e-07
373.0	7.3096e-07
373.2	8.4332e-07
373.4	7.9283e-07
373.6	7.0107e-07
373.8	7.2486e-07
374.0	8.0339e-07
374.2	7.5933e-07
374.4	8.2779e-07
374.6	7.1312e-07
374.8	7.8475e-07
375.0	7.481e-07
375.2	7.7379e-07
375.4	8.4826e-07
375.6	7.5725e-07
375.8	7.1243e-07
376.0	7.0976e-07
376.2	8.0934e-07
376.4	8.2765e-07
376.6	7.4696e-07
376.8	7.5775e-07
377.0	7.4779e-07
377.2	8.2273e-07
377.4	7.9196e-07
377.6	7.6557e-07
377.8	7.8379e-07
378.0	7.8636e-07
378.2	7.8966e-07
378.4	8.311e-07
378.6	7.4299e-07
378.8	7.7542e-07
379.0	7.4265e-07
379.2	7.1761e-07
379.4	8.0166e-07
379.6	8.3215e-07
379.8	7.7933e-07
380.0	7.3086e-07
380.2	8.0185e-07
380.4	7.6654e-07
380.6	7.6057e-07
380.8	8.1194e-07
381.0	7.6513e-07
381.2	7.8754e-07
381.4	7.7368e-07
381.6	8.0143e-07
381.8	8.3935e-07
382.0	7.9234e-07
382.2	7.3791e-07
382.4	7.7939e-07
382.6	8.1088e-07
382.8	7.8239e-07
383.0	7.4638e-07
383.2	7.4784e-07
383.4	7.087e-07
383.6	7.7145e-07
383.8	7.8719e-07
384.0	7.996e-07
384.2	7.5036e-07
384.4	7.6184e-07
384.6	7.8815e-07
384.8	7.8652e-07
385.0	8.2825e-07
385.2	7.8338e-07
385.4	7.5853e-07
385.6	8.1753e-07
385.8	8.1662e-07
386.0	8.1915e-07
386.2	7.4582e-07
386.4	7.8712e-07
386.6	7.6939e-07
386.8	8.1386e-07
387.0	7.9731e-07
387.2	8.3538e-07
387.4	7.9439e-07
387.6	8.048e-07
387.8	8.249e-07
388.0	7.9952e-07
388.2	8.4977e-07
388.4	8.3242e-07
388.6	7.834e-07
388.8	8.1972e-07
389.0	7.879e-07
389.2	8.0314e-07
389.4	7.9984e-07
389.6	7.9848e-07
389.8	7.7695e-07
390.0	8.0358e-07
390.2	7.832e-07
390.4	8.4642e-07
390.6	8.0125e-07
390.8	8.1717e-07
391.0	8.1101e-07
391.2	8.3938e-07
391.4	8.0105e-07
391.6	7.547e-07
391.8	8.5101e-07
392.0	7.991e-07
392.2	8.8885e-07
392.4	8.3568e-07
392.6	8.2377e-07
392.8	7.6801e-07
393.0	7.9394e-07
393.2	8.1093e-07
393.4	8.4194e-07
393.6	8.3673e-07
393.8	7.8669e-07
394.0	8.3606e-07
394.2	8.8574e-07
394.4	9.1279e-07
394.6	9.4658e-07
394.8	9.702e-07
395.0	1.0082e-06
395.2	1.0567e-06
395.4	1.1606e-06
395.6	1.1673e-06
395.8	1.2535e-06
396.0	1.2802e-06
396.2	1.3501e-06
396.4	1.4206e-06
396.6	1.5175e-06
396.8	1.5299e-06
397.0	1.6207e-06
397.2	1.6676e-06
397.4	1.7281e-06
397.6	1.8374e-06
397.8	1.8679e-06
398.0	1.9051e-06
398.2	1.9734e-06
398.4	2.0809e-06
398.6	2.1639e-06
398.8	2.2304e-06
399.0	2.2307e-06
399.2	2.351e-06
399.4	2.4124e-06
399.6	2.4855e-06
399.8	2.5642e-06
400.0	7.1899e-06
400.2	9.1037e-06
400.4	7.2832e-06
400.6	8.8172e-06
400.8	8.6771e-06
401.0	9.6152e-06
401.2	6.572e-06
401.4	6.8676e-06
401.6	9.8199e-06
401.8	4.5282e-06
402.0	5.6286e-06
402.2	1.0691e-05
402.4	6.9638e-06
402.6	7.1357e-06
402.8	7.3583e-06
403.0	1.0732e-05
403.2	5.8917e-06
403.4	8.2441e-06
403.6	6.0429e-06
403.8	7.3856e-06
404.0	1.0127e-05
404.2	8.8694e-06
404.4	7.6626e-06
404.6	7.6901e-06
404.8	1.0389e-05
405.0	1.0465e-05
405.2	7.3656e-06
405.4	7.8697e-06
405.6	7.4265e-06
405.8	8.4889e-06
406.0	5.9405e-06
406.2	7.9183e-06
406.4	8.7047e-06
406.6	9.0118e-06
406.8	7.0649e-06
407.0	8.1186e-06
407.2	9.1907e-06
407.4	6.3628e-06
407.6	7.5479e-06
407.8	8.0899e-06
408.0	7.539e-06
408.2	7.4768e-06
408.4	6.6334e-06
408.6	9.6689e-06
408.8	7.2854e-06
409.0	9.7119e-06
409.2	5.51e-06
409.4	8.8087e-06
409.6	6.6591e-06
409.8	8.4188e-06
410.0	9.3431e-06
410.2	9.2214e-06
410.4	7.8943e-06
410.6	5.8811e-06
410.8	8.3033e-06
411.0	7.7352e-06
411.2	1.0231e-05
411.4	7.929e-06
411.6	7.3587e-06
411.8	5.8709e-06
412.0	7.8408e-06
412.2	9.5956e-06
412.4	1.0817e-05
412.6	1.0651e-05
412.8	6.1491e-06
413.0	8.5428e-06
413.2	9.325e-06
413.4	8.8545e-06
413.6	9.5444e-06
413.8	9.0094e-06
414.0	8.2585e-06
414.2	8.3473e-06
414.4	6.6695e-06
414.6	7.5599e-06
414.8	9.1579e-06
415.0	8.7008e-06
415.2	7.9631e-06
415.4	9.0935e-06
415.6	7.9259e-06
415.8	8.0388e-06
416.0	9.6818e-06
416.2	8.181e-06
416.4	9.5866e-06
416.6	1.0553e-05
416.8	1.0023e-05
417.0	6.5112e-06
417.2	8.3837e-06
417.4	1.0186e-05
417.6	9.4811e-06
417.8	9.3484e-06
418.0	1.0473e-05
418.2	1.2086e-05
418.4	6.7796e-06
418.6	8.9421e-06
418.8	8.2829e-06
419.0	8.6152e-06
419.2	7.0788e-06
419.4	8.1151e-06
419.6	1.1185e-05
419.8	1.1121e-05
420.0	9.9076e-06
420.2	1.0796e-05
420.4	1.0957e-05
420.6	9.721e-06
420.8	9.0693e-06
421.0	1.1528e-05
421.2	9.4932e-06
421.4	1.0518e-05
421.6	1.0837e-05
421.8	7.739e-06
422.0	1.031e-05
422.2	8.0297e-06
422.4	1.1151e-05
422.6	1.0347e-05
422.8	1.0886e-05
423.0	1.1129e-05
423.2	1.2041e-05
423.4	1.1081e-05
423.6	1.1765e-05
423.8	1.5014e-05
424.0	1.6318e-05
424.2	1.5258e-05
424.4	1.7788e-05
424.6	2.2849e-05
424.8	2.8394e-05
425.0	4.146e-05
425.2	1.5738e-04
425.4	2.3939e-04
425.6	3.6617e-04
425.8	5.9037e-04
426.0	0.00114
426.2	0.0027
426.4	0.00694
426.6	0.01749
426.8	0.04365
427.0	0.12317
427.2	0.29462
427.4	0.51599
427.6	0.67335
427.8	0.73866
428.0	0.73653
428.2	0.75854
428.4	0.7683
428.6	0.78676
428.8	0.81459
429.0	0.84277
429.2	0.86811
429.4	0.86398
429.6	0.89888
429.8	0.9115
430.0	0.92029
430.2	0.92812
430.4	0.93466
430.6	0.93975
430.8	0.91802
431.0	0.93687
431.2	0.93581
431.4	0.9334
431.6	0.92959
431.8	0.9284
432.0	0.92776
432.2	0.91076
432.4	0.92755
432.6	0.92997
432.8	0.93132
433.0	0.93139
433.2	0.93025
433.4	0.92923
433.6	0.9151
433.8	0.92623
434.0	0.92819
434.2	0.9305
434.4	0.93254
434.6	0.93481
434.8	0.93698
435.0	0.93877
435.2	0.94167
435.4	0.94177
435.6	0.94307
435.8	0.94303
436.0	0.94284
436.2	0.94349
436.4	0.94247
436.6	0.9438
436.8	0.94597
437.0	0.94583
437.2	0.94724
437.4	0.94911
437.6	0.94909
437.8	0.95064
438.0	0.94974
438.2	0.94869
438.4	0.94655
438.6	0.94524
438.8	0.94363
439.0	0.94148
439.2	0.93956
439.4	0.93836
439.6	0.93792
439.8	0.93849
440.0	0.9386
440.2	0.94018
440.4	0.94175
440.6	0.94317
440.8	0.94508
441.0	0.94639
441.2	0.94806
441.4	0.94744
441.6	0.94798
441.8	0.94762
442.0	0.94645
442.2	0.94532
442.4	0.9454
442.6	0.94478
442.8	0.94465
443.0	0.94501
443.2	0.9463
443.4	0.94577
443.6	0.94616
443.8	0.94664
444.0	0.94662
444.2	0.94614
444.4	0.94713
444.6	0.94552
444.8	0.94442
445.0	0.94346
445.2	0.94102
445.4	0.94064
445.6	0.93913
445.8	0.93904
446.0	0.93892
446.2	0.93885
446.4	0.93954
446.6	0.94101
446.8	0.94232
447.0	0.94245
447.2	0.9442
447.4	0.94571
447.6	0.94547
447.8	0.94577
448.0	0.94511
448.2	0.94513
448.4	0.94438
448.6	0.94376
448.8	0.94238
449.0	0.9422
449.2	0.94269
449.4	0.94269
449.6	0.94384
449.8	0.94461
450.0	0.94568
450.2	0.94652
450.4	0.948
450.6	0.9492
450.8	0.94938
451.0	0.94956
451.2	0.94927
451.4	0.94894
451.6	0.94851
451.8	0.94816
452.0	0.94743
452.2	0.94709
452.4	0.94569
452.6	0.94599
452.8	0.94533
453.0	0.94511
453.2	0.94623
453.4	0.94608
453.6	0.94672
453.8	0.94663
454.0	0.945
454.2	0.94496
454.4	0.94439
454.6	0.94346
454.8	0.94225
455.0	0.94029
455.2	0.94022
455.4	0.93892
455.6	0.93879
455.8	0.93842
456.0	0.93849
456.2	0.9401
456.4	0.94114
456.6	0.94267
456.8	0.94416
457.0	0.94583
457.2	0.94618
457.4	0.94775
457.6	0.94818
457.8	0.94852
458.0	0.94847
458.2	0.94733
458.4	0.94698
458.6	0.94635
458.8	0.94634
459.0	0.94597
459.2	0.9464
459.4	0.94629
459.6	0.9474
459.8	0.94799
460.0	0.94943
460.2	0.95022
460.4	0.95186
460.6	0.95182
460.8	0.95227
461.0	0.95165
461.2	0.95121
461.4	0.95031
461.6	0.94979
461.8	0.94827
462.0	0.94739
462.2	0.9463
462.4	0.94561
462.6	0.94528
462.8	0.94498
463.0	0.94631
463.2	0.94706
463.4	0.94829
463.6	0.94971
463.8	0.95111
464.0	0.95198
464.2	0.95204
464.4	0.95237
464.6	0.95238
464.8	0.95122
465.0	0.94936
465.2	0.94644
465.4	0.94485
465.6	0.94247
465.8	0.94047
466.0	0.93909
466.2	0.93774
466.4	0.93773
466.6	0.93807
466.8	0.93931
467.0	0.94126
467.2	0.94315
467.4	0.94565
467.6	0.94776
467.8	0.95045
468.0	0.95166
468.2	0.95287
468.4	0.953
468.6	0.95304
468.8	0.95265
469.0	0.95158
469.2	0.94946
469.4	0.94894
469.6	0.94755
469.8	0.94594
470.0	0.94495
470.2	0.94492
470.4	0.94384
470.6	0.94395
470.8	0.94493
471.0	0.94494
471.2	0.94622
471.4	0.94729
471.6	0.94791
471.8	0.94878
472.0	0.94857
472.2	0.94842
472.4	0.94787
472.6	0.94714
472.8	0.94624
473.0	0.94498
473.2	0.9444
473.4	0.94335
473.6	0.94339
473.8	0.94308
474.0	0.94305
474.2	0.94275
474.4	0.94281
474.6	0.94361
474.8	0.94454
475.0	0.94518
475.2	0.94571
475.4	0.94572
475.6	0.94569
475.8	0.94635
476.0	0.94605
476.2	0.94627
476.4	0.94589
476.6	0.94541
476.8	0.94576
477.0	0.94611
477.2	0.94624
477.4	0.94801
477.6	0.94886
477.8	0.94962
478.0	0.95094
478.2	0.95201
478.4	0.95315
478.6	0.9548
478.8	0.95568
479.0	0.95527
479.2	0.95537
479.4	0.95505
479.6	0.95397
479.8	0.95356
480.0	0.95216
480.2	0.95121
480.4	0.9496
480.6	0.94844
480.8	0.94654
481.0	0.94584
481.2	0.9441
481.4	0.94361
481.6	0.94267
481.8	0.94222
482.0	0.94173
482.2	0.94087
482.4	0.94107
482.6	0.94059
482.8	0.94134
483.0	0.94101
483.2	0.94183
483.4	0.9433
483.6	0.94365
483.8	0.94449
484.0	0.94542
484.2	0.94525
484.4	0.9473
484.6	0.94656
484.8	0.94739
485.0	0.94626
485.2	0.94581
485.4	0.94652
485.6	0.94663
485.8	0.94607
486.0	0.94688
486.2	0.94708
486.4	0.94748
486.6	0.94794
486.8	0.9484
487.0	0.94881
487.2	0.94885
487.4	0.9497
487.6	0.94892
487.8	0.94879
488.0	0.94979
488.2	0.94869
488.4	0.94806
488.6	0.94608
488.8	0.9413
489.0	0.93209
489.2	0.9174
489.4	0.89683
489.6	0.87188
489.8	0.84617
490.0	0.82201
490.2	0.80659
490.4	0.80552
490.6	0.82494
490.8	0.86546
491.0	0.90234
491.2	0.86673
491.4	0.69805
491.6	0.44929
491.8	0.25028
492.0	0.13307
492.2	0.0684
492.4	0.03801
492.6	0.02209
492.8	0.01342
493.0	0.00845
493.2	0.00557
493.4	0.00374
493.6	0.00226
493.8	0.00157
494.0	0.0011
494.2	7.9061e-04
494.4	5.8015e-04
494.6	4.3159e-04
494.8	3.2452e-04
495.0	2.4137e-04
495.2	1.8508e-04
495.4	1.4499e-04
495.6	1.151e-04
495.8	9.2131e-05
496.0	7.4932e-05
496.2	6.1082e-05
496.4	4.9682e-05
496.6	4.1415e-05
496.8	3.5366e-05
497.0	3.0012e-05
497.2	2.6171e-05
497.4	2.2545e-05
497.6	1.9473e-05
497.8	1.6969e-05
498.0	1.502e-05
498.2	1.3608e-05
498.4	1.2147e-05
498.6	1.1213e-05
498.8	9.8952e-06
499.0	8.609e-06
499.2	7.7704e-06
499.4	7.0764e-06
499.6	6.3574e-06
499.8	5.3273e-06
500.0	4.6521e-06
500.2	4.0541e-06
500.4	3.4946e-06
500.6	2.9754e-06
500.8	2.3584e-06
501.0	1.8516e-06
501.2	1.6484e-06
501.4	1.3732e-06
501.6	1.1021e-06
501.8	9.021e-07
502.0	8.256e-07
502.2	6.6781e-07
502.4	5.0649e-07
502.6	4.5993e-07
502.8	4.1135e-07
503.0	3.6889e-07
503.2	3.4874e-07
503.4	2.7606e-07
503.6	2.4849e-07
503.8	3.028e-07
504.0	3.1701e-07
504.2	2.2935e-07
504.4	1.0792e-07
504.6	3.601e-08
504.8	1.4055e-07
505.0	6.0029e-08
505.2	9.4847e-08
505.4	1.3036e-07
505.6	1.4374e-07
505.8	1.461e-07
506.0	7.6673e-08
506.2	6.2889e-08
506.4	6.6652e-08
506.6	1.2715e-07
506.8	1.3314e-07
507.0	8.3526e-08
507.2	8.2483e-08
507.4	2.298e-08
507.6	4.8914e-08
507.8	2.6036e-08
508.0	2.3841e-08
508.2	4.115e-08
508.4	6.2048e-08
508.6	4.9242e-08
508.8	5.9324e-08
509.0	7.5372e-08
509.2	1.0782e-07
509.4	4.757e-08
509.6	2.3231e-08
509.8	6.5458e-08
510.0	9.0072e-08
510.2	6.0981e-08
510.4	4.5745e-08
510.6	5.9214e-08
510.8	5.4895e-08
511.0	3.4182e-08
511.2	4.6965e-08
511.4	4.6991e-08
511.6	6.2806e-08
511.8	5.8796e-08
512.0	6.0436e-08
512.2	9.7867e-08
512.4	7.826e-08
512.6	1.672e-08
512.8	1.5203e-08
513.0	1.5181e-08
513.2	3.1585e-08
513.4	9.035e-08
513.6	7.9407e-08
513.8	6.3457e-08
514.0	8.7539e-08
514.2	4.1426e-08
514.4	4.2686e-08
514.6	7.9306e-08
514.8	1.3047e-07
515.0	1.2e-07
515.2	8.8318e-08
515.4	7.6197e-08
515.6	2.5254e-08
515.8	2.8208e-08
516.0	5.9489e-08
516.2	3.8981e-08
516.4	1.9406e-08
516.6	4.5158e-08
516.8	7.7855e-08
517.0	6.6566e-08
517.2	3.1423e-08
517.4	1.7614e-08
517.6	3.589e-08
517.8	4.1706e-08
518.0	1.4325e-08
518.2	5.1213e-08
518.4	2.6627e-08
518.6	2.8191e-08
518.8	7.7833e-08
519.0	6.5126e-08
519.2	6.8335e-08
519.4	2.8529e-08
519.6	1.6292e-08
519.8	2.0511e-08
520.0	2.1643e-08
520.2	1.7556e-08
520.4	5.1512e-08
520.6	4.4715e-08
520.8	1.4821e-08
521.0	1.3693e-08
521.2	1.9737e-08
521.4	3.4078e-08
521.6	5.6024e-08
521.8	6.964e-08
522.0	7.8106e-08
522.2	5.6299e-08
522.4	4.3892e-08
522.6	2.3944e-08
522.8	1.5726e-08
523.0	2.7573e-08
523.2	6.015e-08
523.4	8.3198e-08
523.6	1.7694e-08
523.8	7.235e-08
524.0	2.3737e-07
524.2	3.8809e-07
524.4	8.591e-07
524.6	1.3398e-06
524.8	1.1706e-06
525.0	5.2975e-07
525.2	2.7735e-07
525.4	1.9425e-07
525.6	1.4156e-07
525.8	5.2251e-08
526.0	9.49e-08
526.2	1.1373e-07
526.4	7.2194e-08
526.6	2.5284e-08
526.8	2.4006e-08
527.0	7.311e-08
527.2	6.308e-08
527.4	6.8278e-08
527.6	6.2565e-08
527.8	5.243e-08
528.0	4.2346e-08
528.2	4.0658e-08
528.4	4.7439e-08
528.6	3.7666e-08
528.8	1.6395e-08
529.0	1.2467e-08
529.2	4.8262e-08
529.4	4.5605e-08
529.6	3.1903e-08
529.8	6.2676e-08
530.0	8.1781e-08
530.2	7.6418e-08
530.4	8.2662e-08
530.6	3.7968e-08
530.8	4.8304e-08
531.0	1.0699e-07
531.2	7.2264e-08
531.4	9.0679e-08
531.6	4.8364e-08
531.8	1.5825e-08
532.0	1.1845e-08
532.2	1.1807e-08
532.4	1.6098e-08
532.6	5.7544e-08
532.8	1.6636e-08
533.0	2.5462e-08
533.2	1.6057e-08
533.4	1.1658e-08
533.6	2.2208e-08
533.8	5.2733e-08
534.0	1.2711e-08
534.2	3.8414e-08
534.4	2.4581e-08
534.6	1.2855e-08
534.8	2.0748e-08
535.0	2.4234e-08
535.2	1.4094e-08
535.4	5.0479e-08
535.6	1.838e-08
535.8	2.5358e-08
536.0	6.2519e-08
536.2	6.0874e-08
536.4	4.5838e-08
536.6	4.0478e-08
536.8	1.3431e-08
537.0	1.8161e-08
537.2	2.7566e-08
537.4	4.8977e-08
537.6	5.6182e-08
537.8	4.4963e-08
538.0	4.5783e-08
538.2	6.2987e-08
538.4	2.1309e-08
538.6	1.8556e-08
538.8	1.7819e-08
539.0	2.695e-08
539.2	5.5922e-08
539.4	1.1087e-08
539.6	1.1065e-08
539.8	2.5613e-08
540.0	2.9776e-08
540.2	2.0608e-08
540.4	2.8981e-08
540.6	3.8957e-08
540.8	2.2446e-08
541.0	8.2755e-08
541.2	9.4011e-08
541.4	7.9479e-08
541.6	6.352e-08
541.8	4.3987e-08
542.0	4.9321e-08
542.2	9.3914e-08
542.4	1.2148e-07
542.6	1.713e-07
542.8	2.5973e-07
543.0	3.911e-07
543.2	6.1833e-07
543.4	1.1164e-06
543.6	1.711e-06
543.8	2.108e-06
544.0	2.0419e-06
544.2	1.7294e-06
544.4	1.4268e-06
544.6	1.1249e-06
544.8	9.0764e-07
545.0	7.613e-07
545.2	6.4328e-07
545.4	5.7364e-07
545.6	5.2824e-07
545.8	4.9585e-07
546.0	5.1838e-07
546.2	5.3421e-07
546.4	5.3395e-07
546.6	5.5986e-07
546.8	5.4468e-07
547.0	5.1358e-07
547.2	5.5242e-07
547.4	5.5204e-07
547.6	5.4321e-07
547.8	5.1715e-07
548.0	5.0956e-07
548.2	5.0085e-07
548.4	4.6785e-07
548.6	3.8751e-07
548.8	3.364e-07
549.0	3.2754e-07
549.2	3.0293e-07
549.4	2.7139e-07
549.6	2.4524e-07
549.8	2.2926e-07
550.0	2.17e-07
550.2	2.109e-07
550.4	2.1879e-07
550.6	2.4117e-07
550.8	2.1256e-07
551.0	1.6894e-07
551.2	1.4604e-07
551.4	1.3488e-07
551.6	1.2503e-07
551.8	1.0817e-07
552.0	1.3675e-07
552.2	1.7512e-07
552.4	1.7153e-07
552.6	1.0562e-07
552.8	1.1639e-07
553.0	9.4667e-08
553.2	1.2674e-07
553.4	1.5962e-07
553.6	1.6884e-07
553.8	1.618e-07
554.0	1.8692e-07
554.2	1.9061e-07
554.4	2.1649e-07
554.6	3.0619e-07
554.8	3.2332e-07
555.0	3.3264e-07
555.2	3.847e-07
555.4	4.0858e-07
555.6	4.3356e-07
555.8	5.6572e-07
556.0	6.3209e-07
556.2	7.6702e-07
556.4	8.8827e-07
556.6	8.9111e-07
556.8	1.1007e-06
557.0	1.218e-06
557.2	1.3052e-06
557.4	1.3798e-06
557.6	1.3918e-06
557.8	1.3766e-06
558.0	1.3834e-06
558.2	1.4329e-06
558.4	1.2849e-06
558.6	1.2101e-06
558.8	1.1697e-06
559.0	1.1268e-06
559.2	1.1411e-06
559.4	1.285e-06
559.6	1.1633e-06
559.8	1.2e-06
560.0	1.1833e-06
560.2	1.176e-06
560.4	1.2055e-06
560.6	1.2357e-06
560.8	1.2667e-06
561.0	1.2984e-06
561.2	1.331e-06
561.4	1.3643e-06
561.6	1.3985e-06
561.8	1.4336e-06
562.0	1.4695e-06
562.2	1.5063e-06
562.4	1.5441e-06
562.6	1.5053e-06
562.8	1.4162e-06
563.0	1.3324e-06
563.2	1.2536e-06
563.4	1.1794e-06
563.6	1.1096e-06
563.8	1.0439e-06
564.0	9.8211e-07
564.2	9.2398e-07
564.4	8.6929e-07
564.6	8.1784e-07
564.8	7.6943e-07
565.0	7.5253e-07
565.2	7.7324e-07
565.4	7.9452e-07
565.6	8.1639e-07
565.8	8.3885e-07
566.0	8.6194e-07
566.2	8.8566e-07
566.4	9.1004e-07
566.6	9.3509e-07
566.8	9.6082e-07
567.0	9.8726e-07
567.2	1.0144e-06
567.4	1.0406e-06
567.6	1.063e-06
567.8	1.0859e-06
568.0	1.1093e-06
568.2	1.1332e-06
568.4	1.1576e-06
568.6	1.1825e-06
568.8	1.208e-06
569.0	1.234e-06
569.2	1.2606e-06
569.4	1.2878e-06
569.6	1.3155e-06
569.8	1.3439e-06
570.0	1.2882e-06
570.2	1.1407e-06
570.4	1.0101e-06
570.6	8.9446e-07
570.8	7.9205e-07
571.0	7.0136e-07
571.2	6.2106e-07
571.4	5.4995e-07
571.6	4.8698e-07
571.8	4.3122e-07
572.0	3.8185e-07
572.2	3.3813e-07
572.4	2.9942e-07
572.6	2.7769e-07
572.8	2.6614e-07
573.0	2.5508e-07
573.2	2.4447e-07
573.4	2.343e-07
573.6	2.2456e-07
573.8	2.1522e-07
574.0	2.0627e-07
574.2	1.9769e-07
574.4	1.8947e-07
574.6	1.8159e-07
574.8	1.7403e-07
575.0	1.7049e-07
575.2	1.7165e-07
575.4	1.7281e-07
575.6	1.7399e-07
575.8	1.7517e-07
576.0	1.7636e-07
576.2	1.7755e-07
576.4	1.7876e-07
576.6	1.7997e-07
576.8	1.8119e-07
577.0	1.8242e-07
577.2	1.8366e-07
577.4	1.8977e-07
577.6	2.0775e-07
577.8	2.2744e-07
578.0	2.4898e-07
578.2	2.7257e-07
578.4	2.984e-07
578.6	3.2667e-07
578.8	3.5762e-07
579.0	3.915e-07
579.2	4.286e-07
579.4	4.692e-07
579.6	5.1366e-07
579.8	5.6232e-07
580.0	6.1749e-07
580.2	6.8056e-07
580.4	7.5007e-07
580.6	8.2668e-07
580.8	9.1112e-07
581.0	1.0042e-06
581.2	1.1067e-06
581.4	1.2198e-06
581.6	1.3444e-06
581.8	1.4817e-06
582.0	1.633e-06
582.2	1.7998e-06
582.4	1.9837e-06
582.6	2.0174e-06
582.8	1.9424e-06
583.0	1.8703e-06
583.2	1.8008e-06
583.4	1.7339e-06
583.6	1.6694e-06
583.8	1.6074e-06
584.0	1.5477e-06
584.2	1.4902e-06
584.4	1.4348e-06
584.6	1.3815e-06
584.8	1.3301e-06
585.0	1.2527e-06
585.2	1.1494e-06
585.4	1.0547e-06
585.6	9.678e-07
585.8	8.8805e-07
586.0	8.1486e-07
586.2	7.4771e-07
586.4	6.8609e-07
586.6	6.2955e-07
586.8	5.7767e-07
587.0	5.3007e-07
587.2	4.8638e-07
587.4	4.5144e-07
587.6	4.2862e-07
587.8	4.0695e-07
588.0	3.8638e-07
588.2	3.6685e-07
588.4	3.4831e-07
588.6	3.307e-07
588.8	3.1399e-07
589.0	2.9811e-07
589.2	2.8305e-07
589.4	2.6874e-07
589.6	2.5516e-07
589.8	2.4226e-07
590.0	2.3691e-07
590.2	2.3969e-07
590.4	2.4251e-07
590.6	2.4536e-07
590.8	2.4824e-07
591.0	2.5116e-07
591.2	2.5411e-07
591.4	2.5709e-07
591.6	2.6011e-07
591.8	2.6317e-07
592.0	2.6626e-07
592.2	2.6939e-07
592.4	2.7255e-07
592.6	2.8245e-07
592.8	2.9762e-07
593.0	3.136e-07
593.2	3.3045e-07
593.4	3.482e-07
593.6	3.669e-07
593.8	3.8661e-07
594.0	4.0737e-07
594.2	4.2926e-07
594.4	4.5231e-07
594.6	4.7661e-07
594.8	5.0221e-07
595.0	5.3086e-07
595.2	5.6319e-07
595.4	5.9749e-07
595.6	6.3387e-07
595.8	6.7248e-07
596.0	7.1343e-07
596.2	7.5688e-07
596.4	8.0297e-07
596.6	8.5187e-07
596.8	9.0375e-07
597.0	9.5878e-07
597.2	1.0172e-06
597.4	1.0663e-06
597.6	1.0927e-06
597.8	1.1198e-06
598.0	1.1475e-06
598.2	1.1759e-06
598.4	1.205e-06
598.6	1.2349e-06
598.8	1.2655e-06
599.0	1.2968e-06
599.2	1.3289e-06
599.4	1.3618e-06
599.6	1.3955e-06
599.8	1.4301e-06
600.0	1.4352e-06
600.2	1.4039e-06
600.4	1.3732e-06
600.6	1.3433e-06
600.8	1.314e-06
601.0	1.2853e-06
601.2	1.2573e-06
601.4	1.2298e-06
601.6	1.203e-06
601.8	1.1767e-06
602.0	1.1511e-06
602.2	1.126e-06
602.4	1.1014e-06
602.6	1.0771e-06
602.8	1.0531e-06
603.0	1.0297e-06
603.2	1.0067e-06
603.4	9.8433e-07
603.6	9.6242e-07
603.8	9.4099e-07
604.0	9.2004e-07
604.2	8.9955e-07
604.4	8.7953e-07
604.6	8.5995e-07
604.8	8.408e-07
605.0	8.3281e-07
605.2	8.3919e-07
605.4	8.4563e-07
605.6	8.5211e-07
605.8	8.5865e-07
606.0	8.6523e-07
606.2	8.7186e-07
606.4	8.7855e-07
606.6	8.8528e-07
606.8	8.9207e-07
607.0	8.9891e-07
607.2	9.058e-07
607.4	9.1604e-07
607.6	9.3349e-07
607.8	9.5127e-07
608.0	9.694e-07
608.2	9.8786e-07
608.4	1.0067e-06
608.6	1.0259e-06
608.8	1.0454e-06
609.0	1.0653e-06
609.2	1.0856e-06
609.4	1.1063e-06
609.6	1.1274e-06
609.8	1.1489e-06
610.0	1.1389e-06
610.2	1.0894e-06
610.4	1.042e-06
610.6	9.9671e-07
610.8	9.5337e-07
611.0	9.1191e-07
611.2	8.7226e-07
611.4	8.3432e-07
611.6	7.9804e-07
611.8	7.6334e-07
612.0	7.3014e-07
612.2	6.9839e-07
612.4	6.6802e-07
612.6	6.3743e-07
612.8	6.0704e-07
613.0	5.781e-07
613.2	5.5054e-07
613.4	5.243e-07
613.6	4.993e-07
613.8	4.755e-07
614.0	4.5283e-07
614.2	4.3124e-07
614.4	4.1068e-07
614.6	3.9111e-07
614.8	3.7246e-07
615.0	3.6186e-07
615.2	3.6062e-07
615.4	3.5938e-07
615.6	3.5814e-07
615.8	3.5691e-07
616.0	3.5568e-07
616.2	3.5446e-07
616.4	3.5324e-07
616.6	3.5202e-07
616.8	3.5081e-07
617.0	3.496e-07
617.2	3.484e-07
617.4	3.506e-07
617.6	3.5969e-07
617.8	3.6901e-07
618.0	3.7858e-07
618.2	3.8839e-07
618.4	3.9846e-07
618.6	4.0879e-07
618.8	4.1938e-07
619.0	4.3026e-07
619.2	4.4141e-07
619.4	4.5285e-07
619.6	4.6459e-07
619.8	4.7663e-07
620.0	4.9505e-07
620.2	5.2197e-07
620.4	5.5035e-07
620.6	5.8028e-07
620.8	6.1184e-07
621.0	6.4511e-07
621.2	6.8019e-07
621.4	7.1718e-07
621.6	7.5619e-07
621.8	7.9731e-07
622.0	8.4067e-07
622.2	8.8638e-07
622.4	9.3458e-07
622.6	9.6844e-07
622.8	9.8992e-07
623.0	1.0119e-06
623.2	1.0343e-06
623.4	1.0573e-06
623.6	1.0807e-06
623.8	1.1047e-06
624.0	1.1292e-06
624.2	1.1542e-06
624.4	1.1798e-06
624.6	1.206e-06
624.8	1.2328e-06
625.0	1.2592e-06
625.2	1.2851e-06
625.4	1.3116e-06
625.6	1.3386e-06
625.8	1.3661e-06
626.0	1.3943e-06
626.2	1.423e-06
626.4	1.4523e-06
626.6	1.4821e-06
626.8	1.5127e-06
627.0	1.5438e-06
627.2	1.5756e-06
627.4	1.5992e-06
627.6	1.6074e-06
627.8	1.6156e-06
628.0	1.6239e-06
628.2	1.6322e-06
628.4	1.6406e-06
628.6	1.649e-06
628.8	1.6574e-06
629.0	1.6659e-06
629.2	1.6745e-06
629.4	1.6831e-06
629.6	1.6917e-06
629.8	1.7003e-06
630.0	1.6734e-06
630.2	1.6042e-06
630.4	1.5379e-06
630.6	1.4743e-06
630.8	1.4133e-06
631.0	1.3549e-06
631.2	1.2988e-06
631.4	1.2451e-06
631.6	1.1936e-06
631.8	1.1443e-06
632.0	1.097e-06
632.2	1.0516e-06
632.4	1.0081e-06
632.6	9.5974e-07
632.8	9.0797e-07
633.0	8.5899e-07
633.2	8.1265e-07
633.4	7.6881e-07
633.6	7.2733e-07
633.8	6.881e-07
634.0	6.5098e-07
634.2	6.1586e-07
634.4	5.8264e-07
634.6	5.5121e-07
634.8	5.2147e-07
635.0	5.0468e-07
635.2	5.0307e-07
635.4	5.0147e-07
635.6	4.9987e-07
635.8	4.9827e-07
636.0	4.9668e-07
636.2	4.951e-07
636.4	4.9352e-07
636.6	4.9195e-07
636.8	4.9038e-07
637.0	4.8881e-07
637.2	4.8725e-07
637.4	4.8933e-07
637.6	4.9843e-07
637.8	5.0769e-07
638.0	5.1713e-07
638.2	5.2674e-07
638.4	5.3653e-07
638.6	5.465e-07
638.8	5.5665e-07
639.0	5.67e-07
639.2	5.7754e-07
639.4	5.8827e-07
639.6	5.992e-07
639.8	6.1034e-07
640.0	6.3356e-07
640.2	6.7337e-07
640.4	7.1568e-07
640.6	7.6065e-07
640.8	8.0845e-07
641.0	8.5925e-07
641.2	9.1324e-07
641.4	9.7063e-07
641.6	1.0316e-06
641.8	1.0964e-06
642.0	1.1653e-06
642.2	1.2386e-06
642.4	1.3164e-06
642.6	1.3918e-06
642.8	1.465e-06
643.0	1.542e-06
643.2	1.6231e-06
643.4	1.7085e-06
643.6	1.7983e-06
643.8	1.8929e-06
644.0	1.9924e-06
644.2	2.0972e-06
644.4	2.2075e-06
644.6	2.3236e-06
644.8	2.4457e-06
645.0	2.5164e-06
645.2	2.518e-06
645.4	2.5196e-06
645.6	2.5212e-06
645.8	2.5228e-06
646.0	2.5244e-06
646.2	2.526e-06
646.4	2.5276e-06
646.6	2.5292e-06
646.8	2.5308e-06
647.0	2.5324e-06
647.2	2.534e-06
647.4	2.5145e-06
647.6	2.4598e-06
647.8	2.4063e-06
648.0	2.354e-06
648.2	2.3028e-06
648.4	2.2527e-06
648.6	2.2037e-06
648.8	2.1557e-06
649.0	2.1088e-06
649.2	2.0629e-06
649.4	2.0181e-06
649.6	1.9742e-06
649.8	1.9312e-06
650.0	1.9612e-06
650.2	2.0331e-06
650.4	2.1075e-06
650.6	2.1848e-06
650.8	2.2648e-06
651.0	2.3478e-06
651.2	2.4338e-06
651.4	2.4808e-06
651.6	2.5283e-06
651.8	2.5766e-06
652.0	2.626e-06
652.2	2.6762e-06
652.4	2.7274e-06
652.6	2.7796e-06
652.8	2.8328e-06
653.0	2.887e-06
653.2	2.9422e-06
653.4	2.9985e-06
653.6	3.033e-06
653.8	3.0204e-06
654.0	3.0079e-06
654.2	2.9953e-06
654.4	2.9829e-06
654.6	2.9705e-06
654.8	2.9581e-06
655.0	2.9458e-06
655.2	2.9336e-06
655.4	2.9214e-06
655.6	2.9092e-06
655.8	2.8971e-06
656.0	2.7829e-06
656.2	2.625e-06
656.4	2.4761e-06
656.6	2.3357e-06
656.8	2.2032e-06
657.0	2.0782e-06
657.2	1.9603e-06
657.4	1.8492e-06
657.6	1.7443e-06
657.8	1.6453e-06
658.0	1.552e-06
658.2	1.4638e-06
658.4	1.368e-06
658.6	1.2784e-06
658.8	1.1947e-06
659.0	1.1165e-06
659.2	1.0434e-06
659.4	9.7507e-07
659.6	9.1123e-07
659.8	8.5157e-07
660.0	7.9581e-07
660.2	7.8573e-07
660.4	7.865e-07
660.6	7.8728e-07
660.8	7.8806e-07
661.0	7.8884e-07
661.2	7.8962e-07
661.4	7.904e-07
661.6	7.9118e-07
661.8	7.9196e-07
662.0	7.9275e-07
662.2	7.9353e-07
662.4	7.9431e-07
662.6	7.9951e-07
662.8	8.0877e-07
663.0	8.1815e-07
663.2	8.2763e-07
663.4	8.3722e-07
663.6	8.4692e-07
663.8	8.5673e-07
664.0	8.6666e-07
664.2	8.767e-07
664.4	8.8686e-07
664.6	8.9714e-07
664.8	9.0754e-07
665.0	9.1538e-07
665.2	9.2006e-07
665.4	9.2477e-07
665.6	9.2951e-07
665.8	9.3427e-07
666.0	9.3905e-07
666.2	9.4386e-07
666.4	9.4869e-07
666.6	9.5354e-07
666.8	9.5842e-07
667.0	9.6333e-07
667.2	9.6826e-07
667.4	9.4657e-07
667.6	8.8603e-07
667.8	8.2936e-07
668.0	7.7632e-07
668.2	7.2666e-07
668.4	6.8019e-07
668.6	6.3669e-07
668.8	5.9596e-07
669.0	5.5785e-07
669.2	5.2217e-07
669.4	4.8877e-07
669.6	4.5751e-07
669.8	4.2825e-07
670.0	4.0194e-07
670.2	3.7853e-07
670.4	3.5648e-07
670.6	3.3572e-07
670.8	3.1617e-07
671.0	2.9776e-07
671.2	2.8042e-07
671.4	2.6408e-07
671.6	2.487e-07
671.8	2.3422e-07
672.0	2.2058e-07
672.2	2.0773e-07
672.4	1.9564e-07
672.6	1.881e-07
672.8	1.8488e-07
673.0	1.8172e-07
673.2	1.7861e-07
673.4	1.7555e-07
673.6	1.7255e-07
673.8	1.696e-07
674.0	1.6669e-07
674.2	1.6384e-07
674.4	1.6104e-07
674.6	1.5828e-07
674.8	1.5557e-07
675.0	1.5608e-07
675.2	1.6099e-07
675.4	1.6605e-07
675.6	1.7127e-07
675.8	1.7666e-07
676.0	1.8221e-07
676.2	1.8794e-07
676.4	1.9385e-07
676.6	1.9995e-07
676.8	2.0623e-07
677.0	2.1272e-07
677.2	2.1941e-07
677.4	2.3225e-07
677.6	2.5717e-07
677.8	2.8477e-07
678.0	3.1533e-07
678.2	3.4916e-07
678.4	3.8663e-07
678.6	4.2812e-07
678.8	4.7406e-07
679.0	5.2494e-07
679.2	5.8127e-07
679.4	6.4365e-07
679.6	7.1272e-07
679.8	7.892e-07
680.0	8.4381e-07
680.2	8.6129e-07
680.4	8.7912e-07
680.6	8.9732e-07
680.8	9.159e-07
681.0	9.3487e-07
681.2	9.5423e-07
681.4	9.7398e-07
681.6	9.9415e-07
681.8	1.0147e-06
682.0	1.0357e-06
682.2	1.0572e-06
682.4	1.0791e-06
682.6	1.0498e-06
682.8	9.7151e-07
683.0	8.9906e-07
683.2	8.3201e-07
683.4	7.6997e-07
683.6	7.1255e-07
683.8	6.5941e-07
684.0	6.1024e-07
684.2	5.6473e-07
684.4	5.2262e-07
684.6	4.8365e-07
684.8	4.4758e-07
685.0	4.1312e-07
685.2	3.8003e-07
685.4	3.4959e-07
685.6	3.2158e-07
685.8	2.9582e-07
686.0	2.7213e-07
686.2	2.5033e-07
686.4	2.3028e-07
686.6	2.1183e-07
686.8	1.9486e-07
687.0	1.7925e-07
687.2	1.6489e-07
687.4	1.545e-07
687.6	1.4909e-07
687.8	1.4387e-07
688.0	1.3883e-07
688.2	1.3397e-07
688.4	1.2928e-07
688.6	1.2475e-07
688.8	1.2038e-07
689.0	1.1617e-07
689.2	1.121e-07
689.4	1.0818e-07
689.6	1.0439e-07
689.8	1.0073e-07
690.0	9.7541e-08
690.2	9.487e-08
690.4	9.2271e-08
690.6	8.9744e-08
690.8	8.7286e-08
691.0	8.4895e-08
691.2	8.2569e-08
691.4	8.0308e-08
691.6	7.8108e-08
691.8	7.5969e-08
692.0	7.3888e-08
692.2	7.1864e-08
692.4	6.9896e-08
692.6	6.8924e-08
692.8	6.8967e-08
693.0	6.9009e-08
693.2	6.9052e-08
693.4	6.9095e-08
693.6	6.9138e-08
693.8	6.9181e-08
694.0	6.9224e-08
694.2	6.9267e-08
694.4	6.931e-08
694.6	6.9353e-08
694.8	6.9396e-08
695.0	6.9173e-08
695.2	6.8613e-08
695.4	6.8058e-08
695.6	6.7508e-08
695.8	6.6961e-08
696.0	6.642e-08
696.2	6.5882e-08
696.4	6.535e-08
696.6	6.4821e-08
696.8	6.4297e-08
697.0	6.3776e-08
697.2	6.3261e-08
697.4	6.414e-08
697.6	6.7253e-08
697.8	7.0518e-08
698.0	7.394e-08
698.2	7.7529e-08
698.4	8.1292e-08
698.6	8.5238e-08
698.8	8.9375e-08
699.0	9.3713e-08
699.2	9.8261e-08
699.4	1.0303e-07
699.6	1.0803e-07
699.8	1.1327e-07
700.0	1.1868e-07
700.2	1.2423e-07
700.4	1.3004e-07
700.6	1.3613e-07
700.8	1.4249e-07
701.0	1.4915e-07
701.2	1.5613e-07
701.4	1.6343e-07
701.6	1.7107e-07
701.8	1.7907e-07
702.0	1.8745e-07
702.2	1.9621e-07
702.4	2.0539e-07
702.6	2.1721e-07
702.8	2.323e-07
703.0	2.4843e-07
703.2	2.6568e-07
703.4	2.8413e-07
703.6	3.0386e-07
703.8	3.2496e-07
704.0	3.4753e-07
704.2	3.7166e-07
704.4	3.9747e-07
704.6	4.2508e-07
704.8	4.546e-07
705.0	4.9352e-07
705.2	5.4611e-07
705.4	6.0431e-07
705.6	6.6871e-07
705.8	7.3997e-07
706.0	8.1883e-07
706.2	9.0609e-07
706.4	1.0026e-06
706.6	1.1095e-06
706.8	1.2277e-06
707.0	1.3586e-06
707.2	1.5033e-06
707.4	1.5678e-06
707.6	1.4988e-06
707.8	1.4328e-06
708.0	1.3697e-06
708.2	1.3094e-06
708.4	1.2517e-06
708.6	1.1966e-06
708.8	1.1439e-06
709.0	1.0935e-06
709.2	1.0454e-06
709.4	9.9936e-07
709.6	9.5535e-07
709.8	9.1328e-07
710.0	8.5814e-07
710.2	7.8882e-07
710.4	7.2511e-07
710.6	6.6654e-07
710.8	6.127e-07
711.0	5.632e-07
711.2	5.1771e-07
711.4	4.7589e-07
711.6	4.3745e-07
711.8	4.0212e-07
712.0	3.6964e-07
712.2	3.3978e-07
712.4	3.1233e-07
712.6	2.9678e-07
712.8	2.9273e-07
713.0	2.8874e-07
713.2	2.848e-07
713.4	2.8092e-07
713.6	2.7709e-07
713.8	2.7331e-07
714.0	2.6959e-07
714.2	2.6591e-07
714.4	2.6229e-07
714.6	2.5871e-07
714.8	2.5518e-07
715.0	2.5202e-07
715.2	2.493e-07
715.4	2.4661e-07
715.6	2.4395e-07
715.8	2.4132e-07
716.0	2.3872e-07
716.2	2.3614e-07
716.4	2.336e-07
716.6	2.3108e-07
716.8	2.2859e-07
717.0	2.2612e-07
717.2	2.2368e-07
717.4	2.227e-07
717.6	2.2379e-07
717.8	2.2489e-07
718.0	2.2599e-07
718.2	2.271e-07
718.4	2.2821e-07
718.6	2.2933e-07
718.8	2.3046e-07
719.0	2.3159e-07
719.2	2.3272e-07
719.4	2.3386e-07
719.6	2.3501e-07
719.8	2.3616e-07
720.0	2.4227e-07
720.2	2.5502e-07
720.4	2.6845e-07
720.6	2.8258e-07
720.8	2.9745e-07
721.0	3.1311e-07
721.2	3.2959e-07
721.4	3.4693e-07
721.6	3.6519e-07
721.8	3.8442e-07
722.0	4.0465e-07
722.2	4.2595e-07
722.4	4.4837e-07
722.6	4.7329e-07
722.8	5.0114e-07
723.0	5.3063e-07
723.2	5.6186e-07
723.4	5.9493e-07
723.6	6.2994e-07
723.8	6.6701e-07
724.0	7.0627e-07
724.2	7.4783e-07
724.4	7.9185e-07
724.6	8.3845e-07
724.8	8.8779e-07
725.0	9.3661e-07
725.2	9.8378e-07
725.4	1.0333e-06
725.6	1.0854e-06
725.8	1.1401e-06
726.0	1.1975e-06
726.2	1.2578e-06
726.4	1.3212e-06
726.6	1.3877e-06
726.8	1.4576e-06
727.0	1.531e-06
727.2	1.6082e-06
727.4	1.6582e-06
727.6	1.6693e-06
727.8	1.6805e-06
728.0	1.6917e-06
728.2	1.703e-06
728.4	1.7144e-06
728.6	1.7259e-06
728.8	1.7374e-06
729.0	1.749e-06
729.2	1.7607e-06
729.4	1.7725e-06
729.6	1.7843e-06
729.8	1.7962e-06
730.0	1.8063e-06
730.2	1.8141e-06
730.4	1.822e-06
730.6	1.8299e-06
730.8	1.8378e-06
731.0	1.8457e-06
731.2	1.8537e-06
731.4	1.8618e-06
731.6	1.8698e-06
731.8	1.8779e-06
732.0	1.886e-06
732.2	1.8942e-06
732.4	1.9024e-06
732.6	1.9128e-06
732.8	1.9259e-06
733.0	1.939e-06
733.2	1.9522e-06
733.4	1.9655e-06
733.6	1.9789e-06
733.8	1.9924e-06
734.0	2.0059e-06
734.2	2.0196e-06
734.4	2.0334e-06
734.6	2.0472e-06
734.8	2.0612e-06
735.0	2.0774e-06
735.2	2.0963e-06
735.4	2.1154e-06
735.6	2.1347e-06
735.8	2.1541e-06
736.0	2.1737e-06
736.2	2.1936e-06
736.4	2.2135e-06
736.6	2.2337e-06
736.8	2.2541e-06
737.0	2.2746e-06
737.2	2.2953e-06
737.4	2.2946e-06
737.6	2.2666e-06
737.8	2.2389e-06
738.0	2.2115e-06
738.2	2.1845e-06
738.4	2.1578e-06
738.6	2.1315e-06
738.8	2.1054e-06
739.0	2.0797e-06
739.2	2.0543e-06
739.4	2.0292e-06
739.6	2.0044e-06
739.8	1.9799e-06
740.0	1.9617e-06
740.2	1.9506e-06
740.4	1.9395e-06
740.6	1.9285e-06
740.8	1.9176e-06
741.0	1.9067e-06
741.2	1.8959e-06
741.4	1.8852e-06
741.6	1.8745e-06
741.8	1.8638e-06
742.0	1.8533e-06
742.2	1.8428e-06
742.4	1.8323e-06
742.6	1.8253e-06
742.8	1.8221e-06
743.0	1.8188e-06
743.2	1.8156e-06
743.4	1.8123e-06
743.6	1.8091e-06
743.8	1.8059e-06
744.0	1.8027e-06
744.2	1.7995e-06
744.4	1.7963e-06
744.6	1.7931e-06
744.8	1.7899e-06
745.0	1.7933e-06
745.2	1.8043e-06
745.4	1.8155e-06
745.6	1.8267e-06
745.8	1.838e-06
746.0	1.8493e-06
746.2	1.8607e-06
746.4	1.8722e-06
746.6	1.8838e-06
746.8	1.8954e-06
747.0	1.9071e-06
747.2	1.9188e-06
747.4	1.9341e-06
747.6	1.9534e-06
747.8	1.973e-06
748.0	1.9927e-06
748.2	2.0126e-06
748.4	2.0328e-06
748.6	2.0531e-06
748.8	2.0736e-06
749.0	2.0944e-06
749.2	2.1153e-06
749.4	2.1365e-06
749.6	2.1579e-06
749.8	2.1795e-06
750.0	2.2029e-06
750.2	2.2285e-06
750.4	2.2544e-06
750.6	2.2806e-06
750.8	2.3072e-06
751.0	2.334e-06
751.2	2.3611e-06
751.4	2.3886e-06
751.6	2.4164e-06
751.8	2.4445e-06
752.0	2.4729e-06
752.2	2.5016e-06
752.4	2.5307e-06
752.6	2.5375e-06
752.8	2.5161e-06
753.0	2.4949e-06
753.2	2.4739e-06
753.4	2.4531e-06
753.6	2.4325e-06
753.8	2.412e-06
754.0	2.3917e-06
754.2	2.3715e-06
754.4	2.3516e-06
754.6	2.3318e-06
754.8	2.3122e-06
755.0	2.2957e-06
755.2	2.283e-06
755.4	2.2705e-06
755.6	2.258e-06
755.8	2.2455e-06
756.0	2.2331e-06
756.2	2.2208e-06
756.4	2.2086e-06
756.6	2.1964e-06
756.8	2.1843e-06
757.0	2.1723e-06
757.2	2.1603e-06
757.4	2.1452e-06
757.6	2.1261e-06
757.8	2.1072e-06
758.0	2.0885e-06
758.2	2.07e-06
758.4	2.0516e-06
758.6	2.0334e-06
758.8	2.0153e-06
759.0	1.9974e-06
759.2	1.9797e-06
759.4	1.9621e-06
759.6	1.9447e-06
759.8	1.9274e-06
760.0	1.9301e-06
760.2	1.9575e-06
760.4	1.9852e-06
760.6	2.0133e-06
760.8	2.0418e-06
761.0	2.0707e-06
761.2	2.1001e-06
761.4	2.1298e-06
761.6	2.16e-06
761.8	2.1906e-06
762.0	2.2216e-06
762.2	2.253e-06
762.4	2.2849e-06
762.6	2.3035e-06
762.8	2.3048e-06
763.0	2.3061e-06
763.2	2.3075e-06
763.4	2.3089e-06
763.6	2.3102e-06
763.8	2.3116e-06
764.0	2.3129e-06
764.2	2.3143e-06
764.4	2.3156e-06
764.6	2.317e-06
764.8	2.3183e-06
765.0	2.3146e-06
765.2	2.3049e-06
765.4	2.2952e-06
765.6	2.2856e-06
765.8	2.276e-06
766.0	2.2664e-06
766.2	2.2569e-06
766.4	2.2474e-06
766.6	2.238e-06
766.8	2.2286e-06
767.0	2.2192e-06
767.2	2.2099e-06
767.4	2.1844e-06
767.6	2.1408e-06
767.8	2.0981e-06
768.0	2.0562e-06
768.2	2.0152e-06
768.4	1.975e-06
768.6	1.9356e-06
768.8	1.897e-06
769.0	1.8591e-06
769.2	1.822e-06
769.4	1.7857e-06
769.6	1.75e-06
769.8	1.7151e-06
770.0	1.6978e-06
770.2	1.7013e-06
770.4	1.7048e-06
770.6	1.7083e-06
770.8	1.7118e-06
771.0	1.7153e-06
771.2	1.7189e-06
771.4	1.7224e-06
771.6	1.726e-06
771.8	1.7295e-06
772.0	1.7331e-06
772.2	1.7367e-06
772.4	1.7402e-06
772.6	1.7483e-06
772.8	1.7623e-06
773.0	1.7765e-06
773.2	1.7907e-06
773.4	1.8051e-06
773.6	1.8196e-06
773.8	1.8342e-06
774.0	1.8489e-06
774.2	1.8638e-06
774.4	1.8787e-06
774.6	1.8938e-06
774.8	1.909e-06
775.0	1.9275e-06
775.2	1.9501e-06
775.4	1.9729e-06
775.6	1.9961e-06
775.8	2.0195e-06
776.0	2.0432e-06
776.2	2.0671e-06
776.4	2.0913e-06
776.6	2.1159e-06
776.8	2.1407e-06
777.0	2.1658e-06
777.2	2.1912e-06
777.4	2.2002e-06
777.6	2.1905e-06
777.8	2.1809e-06
778.0	2.1713e-06
778.2	2.1618e-06
778.4	2.1523e-06
778.6	2.1428e-06
778.8	2.1334e-06
779.0	2.1241e-06
779.2	2.1147e-06
779.4	2.1054e-06
779.6	2.0962e-06
779.8	2.087e-06
780.0	2.0985e-06
780.2	2.1351e-06
780.4	2.1724e-06
780.6	2.2104e-06
780.8	2.249e-06
781.0	2.2883e-06
781.2	2.3283e-06
781.4	2.369e-06
781.6	2.4104e-06
781.8	2.4525e-06
782.0	2.4954e-06
782.2	2.539e-06
782.4	2.5834e-06
782.6	2.5836e-06
782.8	2.5267e-06
783.0	2.471e-06
783.2	2.4165e-06
783.4	2.3633e-06
783.6	2.3112e-06
783.8	2.2602e-06
784.0	2.2104e-06
784.2	2.1617e-06
784.4	2.114e-06
784.6	2.0674e-06
784.8	2.0219e-06
785.0	1.9945e-06
785.2	2.0257e-06
785.4	2.0573e-06
785.6	2.0894e-06
785.8	2.122e-06
786.0	2.1551e-06
786.2	2.1887e-06
786.4	2.2229e-06
786.6	2.2575e-06
786.8	2.2928e-06
787.0	2.3285e-06
787.2	2.3649e-06
787.4	2.4018e-06
787.6	2.4392e-06
787.8	2.4361e-06
788.0	2.408e-06
788.2	2.3803e-06
788.4	2.3529e-06
788.6	2.3258e-06
788.8	2.2991e-06
789.0	2.2726e-06
789.2	2.2464e-06
789.4	2.2206e-06
789.6	2.195e-06
789.8	2.1996e-06
790.0	2.2317e-06
790.2	2.2642e-06
790.4	2.2972e-06
790.6	2.3307e-06
790.8	2.3646e-06
791.0	2.3991e-06
791.2	2.434e-06
791.4	2.4695e-06
791.6	2.5055e-06
791.8	2.542e-06
792.0	2.579e-06
792.2	2.5725e-06
792.4	2.5633e-06
792.6	2.554e-06
792.8	2.5448e-06
793.0	2.5357e-06
793.2	2.5265e-06
793.4	2.5174e-06
793.6	2.5084e-06
793.8	2.4993e-06
794.0	2.4903e-06
794.2	2.4813e-06
794.4	2.4724e-06
794.6	2.4635e-06
794.8	2.4546e-06
795.0	2.4458e-06
795.2	2.437e-06
795.4	2.4282e-06
795.6	2.4194e-06
795.8	2.4107e-06
796.0	2.402e-06
796.2	2.3894e-06
796.4	2.3708e-06
796.6	2.3523e-06
796.8	2.334e-06
797.0	2.3158e-06
797.2	2.2978e-06
797.4	2.2799e-06
797.6	2.2622e-06
797.8	2.2446e-06
798.0	2.2271e-06
798.2	2.2037e-06
798.4	2.1747e-06
798.6	2.146e-06
798.8	2.1177e-06
799.0	2.0898e-06
799.2	2.0622e-06
799.4	2.035e-06
799.6	2.0082e-06
799.8	1.9817e-06
800.0	1.9556e-06
800.2	1.9309e-06
800.4	1.9071e-06
800.6	1.8836e-06
800.8	1.8604e-06
801.0	1.8375e-06
801.2	1.8149e-06
801.4	1.7926e-06
801.6	1.7705e-06
801.8	1.7487e-06
802.0	1.7272e-06
802.2	1.7095e-06
802.4	1.6935e-06
802.6	1.6777e-06
802.8	1.662e-06
803.0	1.6465e-06
803.2	1.6311e-06
803.4	1.6158e-06
803.6	1.6007e-06
803.8	1.5857e-06
804.0	1.5709e-06
804.2	1.5514e-06
804.4	1.531e-06
804.6	1.5109e-06
804.8	1.4911e-06
805.0	1.4716e-06
805.2	1.4523e-06
805.4	1.4332e-06
805.6	1.4144e-06
805.8	1.3959e-06
806.0	1.3775e-06
806.2	1.3744e-06
806.4	1.3939e-06
806.6	1.4137e-06
806.8	1.4338e-06
807.0	1.4541e-06
807.2	1.4748e-06
807.4	1.4957e-06
807.6	1.517e-06
807.8	1.5385e-06
808.0	1.5604e-06
808.2	1.5796e-06
808.4	1.5961e-06
808.6	1.6129e-06
808.8	1.6297e-06
809.0	1.6468e-06
809.2	1.6641e-06
809.4	1.6815e-06
809.6	1.6991e-06
809.8	1.7169e-06
810.0	1.7349e-06
810.2	1.7693e-06
810.4	1.8147e-06
810.6	1.8613e-06
810.8	1.9091e-06
811.0	1.9581e-06
811.2	2.0084e-06
811.4	2.06e-06
811.6	2.1129e-06
811.8	2.1672e-06
812.0	2.2228e-06
812.2	2.2923e-06
812.4	2.3689e-06
812.6	2.448e-06
812.8	2.5297e-06
813.0	2.6142e-06
813.2	2.7015e-06
813.4	2.7917e-06
813.6	2.885e-06
813.8	2.9813e-06
814.0	3.0809e-06
814.2	3.4581e-06
814.4	3.9432e-06
814.6	4.4964e-06
814.8	5.1271e-06
815.0	5.8463e-06
815.2	6.6664e-06
815.4	7.6016e-06
815.6	8.6679e-06
815.8	6.3563e-06
816.0	2.5778e-06
816.2	6.3743e-06
816.4	7.2267e-06
816.6	6.2231e-06
816.8	6.5287e-06
817.0	8.4796e-06
817.2	1.0373e-05
817.4	6.6744e-06
817.6	1.2326e-05
817.8	9.289e-06
818.0	1.2058e-05
818.2	1.1483e-05
818.4	1.302e-05
818.6	1.1251e-05
818.8	1.7334e-05
819.0	1.2063e-05
819.2	1.705e-05
819.4	1.5345e-05
819.6	1.8188e-05
819.8	1.724e-05
820.0	2.1393e-05
820.2	2.5665e-05
820.4	2.5603e-05
820.6	2.6932e-05
820.8	3.1901e-05
821.0	3.6033e-05
821.2	3.8349e-05
821.4	4.2952e-05
821.6	4.8613e-05
821.8	5.5934e-05
822.0	6.4663e-05
822.2	6.7124e-05
822.4	8.5377e-05
822.6	1.0444e-04
822.8	1.2664e-04
823.0	1.5099e-04
823.2	1.9396e-04
823.4	2.5195e-04
823.6	3.389e-04
823.8	4.7838e-04
824.0	7.2276e-04
824.2	0.0012
824.4	0.0024
824.6	0.00779
824.8	0.05835
825.0	0.09675
825.2	0.03148
825.4	0.01025
825.6	0.00333
825.8	0.00126
826.0	8.0801e-04
826.2	5.7522e-04
826.4	4.3209e-04
826.6	3.3856e-04
826.8	2.7413e-04
827.0	2.279e-04
827.2	1.9663e-04
827.4	1.7048e-04
827.6	1.4909e-04
827.8	1.3186e-04
828.0	1.1801e-04
828.2	1.063e-04
828.4	9.6984e-05
828.6	8.9485e-05
828.8	8.3151e-05
829.0	7.7547e-05
829.2	7.2698e-05
829.4	6.827e-05
829.6	6.5402e-05
829.8	6.2308e-05
830.0	5.8647e-05
830.2	5.5951e-05
830.4	5.4416e-05
830.6	5.2181e-05
830.8	5.0208e-05
831.0	4.86e-05
831.2	4.6951e-05
831.4	4.5485e-05
831.6	4.4664e-05
831.8	4.3876e-05
832.0	4.3195e-05
832.2	4.269e-05
832.4	4.1258e-05
832.6	4.1019e-05
832.8	4.0818e-05
833.0	4.0541e-05
833.2	4.0181e-05
833.4	3.958e-05
833.6	4.0212e-05
833.8	3.9684e-05
834.0	3.8756e-05
834.2	3.8631e-05
834.4	4.0695e-05
834.6	3.9226e-05
834.8	3.991e-05
835.0	4.0084e-05
835.2	2.2807e-05
835.4	2.1352e-05
835.6	2.4747e-05
835.8	2.8681e-05
836.0	3.324e-05
836.2	3.8525e-05
836.4	4.27e-05
836.6	4.3561e-05
836.8	4.444e-05
837.0	4.5336e-05
837.2	4.6251e-05
837.4	4.7184e-05
837.6	4.8221e-05
837.8	4.9282e-05
838.0	5.0365e-05
838.2	5.1473e-05
838.4	5.2605e-05
838.6	5.4002e-05
838.8	5.5569e-05
839.0	5.7182e-05
839.2	5.8842e-05
839.4	6.055e-05
839.6	6.2323e-05
839.8	6.4187e-05
840.0	6.6107e-05
840.2	6.8084e-05
840.4	7.012e-05
840.6	7.2217e-05
840.8	7.4797e-05
841.0	7.7488e-05
841.2	8.0275e-05
841.4	8.3163e-05
841.6	8.6155e-05
841.8	8.9632e-05
842.0	9.3496e-05
842.2	9.7527e-05
842.4	1.0173e-04
842.6	1.0612e-04
842.8	1.1078e-04
843.0	1.159e-04
843.2	1.2126e-04
843.4	1.2686e-04
843.6	1.3272e-04
843.8	1.3886e-04
844.0	1.4572e-04
844.2	1.5297e-04
844.4	1.6057e-04
844.6	1.6856e-04
844.8	1.7694e-04
845.0	1.8756e-04
845.2	1.9238e-04
845.4	1.9732e-04
845.6	2.0239e-04
845.8	2.1316e-04
846.0	2.2554e-04
846.2	2.379e-04
846.4	2.5252e-04
846.6	2.6625e-04
846.8	2.8228e-04
847.0	2.9734e-04
847.2	3.1685e-04
847.4	3.373e-04
847.6	3.5421e-04
847.8	3.7993e-04
848.0	4.0071e-04
848.2	4.2952e-04
848.4	4.6034e-04
848.6	4.8664e-04
848.8	5.2238e-04
849.0	5.5493e-04
849.2	6.0111e-04
849.4	6.3926e-04
849.6	6.8466e-04
849.8	7.273e-04
850.0	7.9116e-04
850.2	8.5484e-04
850.4	9.2158e-04
850.6	9.8901e-04
850.8	0.00106
851.0	0.00116
851.2	0.00125
851.4	0.00136
851.6	0.00147
851.8	0.0016
852.0	0.00175
852.2	0.0019
852.4	0.00209
852.6	0.00229
852.8	0.0025
853.0	0.00275
853.2	0.00304
853.4	0.00335
853.6	0.00372
853.8	0.00412
854.0	0.00458
854.2	0.0051
854.4	0.00572
854.6	0.00644
854.8	0.00729
855.0	0.00825
855.2	0.00925
855.4	0.01036
855.6	0.01162
855.8	0.01322
856.0	0.01535
856.2	0.01789
856.4	0.02106
856.6	0.02493
856.8	0.02982
857.0	0.03591
857.2	0.0437
857.4	0.0536
857.6	0.06633
857.8	0.08282
858.0	0.10356
858.2	0.12942
858.4	0.15945
858.6	0.1911
858.8	0.21915
859.0	0.23579
859.2	0.23753
859.4	0.22452
859.6	0.2027
859.8	0.17751
860.0	0.1534
860.2	0.13227
860.4	0.11419
860.6	0.09947
860.8	0.08748
861.0	0.07755
861.2	0.06939
861.4	0.0627
861.6	0.05717
861.8	0.05242
862.0	0.0485
862.2	0.0452
862.4	0.04235
862.6	0.03996
862.8	0.03791
863.0	0.03615
863.2	0.03465
863.4	0.03333
863.6	0.03222
863.8	0.03126
864.0	0.03043
864.2	0.02979
864.4	0.02927
864.6	0.02877
864.8	0.02841
865.0	0.02819
865.2	0.02814
865.4	0.0281
865.6	0.02805
865.8	0.02812
866.0	0.02827
866.2	0.02846
866.4	0.02876
866.6	0.02912
866.8	0.02957
867.0	0.03012
867.2	0.0307
867.4	0.03144
867.6	0.03225
867.8	0.03315
868.0	0.03421
868.2	0.03534
868.4	0.03662
868.6	0.03801
868.8	0.03961
869.0	0.0414
869.2	0.04331
869.4	0.04551
869.6	0.04797
869.8	0.05067
870.0	0.05368
870.2	0.05708
870.4	0.06077
870.6	0.06504
870.8	0.06985
871.0	0.07525
871.2	0.08133
871.4	0.08819
871.6	0.09605
871.8	0.10515
872.0	0.11556
872.2	0.12756
872.4	0.14148
872.6	0.1577
872.8	0.1767
873.0	0.19898
873.2	0.22503
873.4	0.25617
873.6	0.29274
873.8	0.33614
874.0	0.38689
874.2	0.44588
874.4	0.51335
874.6	0.58893
874.8	0.66928
875.0	0.74914
875.2	0.79382
875.4	0.84115
875.6	0.89131
875.8	0.91389
876.0	0.89214
876.2	0.84659
876.4	0.78614
876.6	0.71951
876.8	0.65096
877.0	0.58659
877.2	0.52743
877.4	0.47498
877.6	0.42883
877.8	0.38835
878.0	0.35346
878.2	0.32333
878.4	0.297
878.6	0.27436
878.8	0.25488
879.0	0.23781
879.2	0.223
879.4	0.20996
879.6	0.19859
879.8	0.18844
880.0	0.17971
880.2	0.17212
880.4	0.16509
880.6	0.15917
880.8	0.1538
881.0	0.14923
881.2	0.14536
881.4	0.1419
881.6	0.13891
881.8	0.13637
882.0	0.13418
882.2	0.1324
882.4	0.13101
882.6	0.13002
882.8	0.12928
883.0	0.12888
883.2	0.12875
883.4	0.12889
883.6	0.1294
883.8	0.13013
884.0	0.13122
884.2	0.13254
884.4	0.1342
884.6	0.13626
884.8	0.13855
885.0	0.14121
885.2	0.14439
885.4	0.14765
885.6	0.15098
885.8	0.15474
886.0	0.15922
886.2	0.16438
886.4	0.16961
886.6	0.17562
886.8	0.18221
887.0	0.18931
887.2	0.19724
887.4	0.20592
887.6	0.21535
887.8	0.22587
888.0	0.23716
888.2	0.24974
888.4	0.26318
888.6	0.27818
888.8	0.29465
889.0	0.3124
889.2	0.33183
889.4	0.3528
889.6	0.37569
889.8	0.4005
890.0	0.42737
890.2	0.45599
890.4	0.48586
890.6	0.51776
890.8	0.55045
891.0	0.58387
891.2	0.6171
891.4	0.64902
891.6	0.67943
891.8	0.70639
892.0	0.72821
892.2	0.74402
892.4	0.75422
892.6	0.7565
892.8	0.75097
893.0	0.73861
893.2	0.71958
893.4	0.6954
893.6	0.66624
893.8	0.63399
894.0	0.60038
894.2	0.56607
894.4	0.53139
894.6	0.49742
894.8	0.46522
895.0	0.43402
895.2	0.40513
895.4	0.37817
895.6	0.35299
895.8	0.32938
896.0	0.30771
896.2	0.28775
896.4	0.26939
896.6	0.25243
896.8	0.23679
897.0	0.22258
897.2	0.20923
897.4	0.19719
897.6	0.18618
897.8	0.17607
898.0	0.16674
898.2	0.15807
898.4	0.15007
898.6	0.14272
898.8	0.13589
899.0	0.12956
899.2	0.12376
899.4	0.11831
899.6	0.11323
899.8	0.10858
900.0	0.10427
900.2	0.10028
900.4	0.09636
900.6	0.09281
900.8	0.08943
901.0	0.08635
901.2	0.08335
901.4	0.08065
901.6	0.07808
901.8	0.07575
902.0	0.07342
902.2	0.07133
902.4	0.06938
902.6	0.06746
902.8	0.06569
903.0	0.06398
903.2	0.06248
903.4	0.06096
903.6	0.05961
903.8	0.05827
904.0	0.05705
904.2	0.05589
904.4	0.05481
904.6	0.05379
904.8	0.05286
905.0	0.05197
905.2	0.05134
905.4	0.05072
905.6	0.05011
905.8	0.04942
906.0	0.0488
906.2	0.04821
906.4	0.04763
906.6	0.04711
906.8	0.04664
907.0	0.04616
907.2	0.0458
907.4	0.04546
907.6	0.04517
907.8	0.04484
908.0	0.0446
908.2	0.0444
908.4	0.04423
908.6	0.04411
908.8	0.04399
909.0	0.04393
909.2	0.04387
909.4	0.04392
909.6	0.04398
909.8	0.04407
910.0	0.04425
910.2	0.04441
910.4	0.04456
910.6	0.0448
910.8	0.04499
911.0	0.04531
911.2	0.04566
911.4	0.04601
911.6	0.04644
911.8	0.0469
912.0	0.04744
912.2	0.04801
912.4	0.04854
912.6	0.04919
912.8	0.04992
913.0	0.05061
913.2	0.05139
913.4	0.05233
913.6	0.05318
913.8	0.05416
914.0	0.0552
914.2	0.05628
914.4	0.05743
914.6	0.05868
914.8	0.05998
915.0	0.06147
915.2	0.06284
915.4	0.06424
915.6	0.06567
915.8	0.06723
916.0	0.06905
916.2	0.07106
916.4	0.07314
916.6	0.07524
916.8	0.07759
917.0	0.08001
917.2	0.08255
917.4	0.08533
917.6	0.08817
917.8	0.09106
918.0	0.09435
918.2	0.09758
918.4	0.10112
918.6	0.10472
918.8	0.10847
919.0	0.11255
919.2	0.11674
919.4	0.12103
919.6	0.12562
919.8	0.1303
920.0	0.13515
920.2	0.14008
920.4	0.14503
920.6	0.1501
920.8	0.15527
921.0	0.16059
921.2	0.16591
921.4	0.1712
921.6	0.1765
921.8	0.18162
922.0	0.18634
922.2	0.19104
922.4	0.19534
922.6	0.19971
922.8	0.2033
923.0	0.20679
923.2	0.2097
923.4	0.21214
923.6	0.2141
923.8	0.21541
924.0	0.21647
924.2	0.21699
924.4	0.21692
924.6	0.21632
924.8	0.21553
925.0	0.21411
925.2	0.21179
925.4	0.2095
925.6	0.20724
925.8	0.20451
926.0	0.20162
926.2	0.19848
926.4	0.19513
926.6	0.19167
926.8	0.18835
927.0	0.18493
927.2	0.18144
927.4	0.178
927.6	0.17476
927.8	0.17146
928.0	0.16836
928.2	0.16531
928.4	0.16245
928.6	0.15949
928.8	0.15673
929.0	0.15409
929.2	0.15153
929.4	0.14916
929.6	0.14695
929.8	0.14495
930.0	0.14304
930.2	0.14125
930.4	0.13951
930.6	0.13789
930.8	0.13627
931.0	0.13502
931.2	0.13377
931.4	0.13266
931.6	0.13164
931.8	0.13079
932.0	0.13006
932.2	0.12946
932.4	0.129
932.6	0.12846
932.8	0.12823
933.0	0.12811
933.2	0.12799
933.4	0.12806
933.6	0.12832
933.8	0.12859
934.0	0.12884
934.2	0.12946
934.4	0.13005
934.6	0.13079
934.8	0.13178
935.0	0.13265
935.2	0.13411
935.4	0.13558
935.6	0.13707
935.8	0.13825
936.0	0.13989
936.2	0.14167
936.4	0.14361
936.6	0.14568
936.8	0.14805
937.0	0.15044
937.2	0.153
937.4	0.15589
937.6	0.15871
937.8	0.16179
938.0	0.16535
938.2	0.16894
938.4	0.1728
938.6	0.17668
938.8	0.18122
939.0	0.18567
939.2	0.19023
939.4	0.1954
939.6	0.20082
939.8	0.20656
940.0	0.21252
940.2	0.21918
940.4	0.2257
940.6	0.23253
940.8	0.24017
941.0	0.24806
941.2	0.25649
941.4	0.2654
941.6	0.27476
941.8	0.2845
942.0	0.29503
942.2	0.30561
942.4	0.31708
942.6	0.3288
942.8	0.3414
943.0	0.35486
943.2	0.36831
943.4	0.38267
943.6	0.39745
943.8	0.41297
944.0	0.42943
944.2	0.44618
944.4	0.46429
944.6	0.48181
944.8	0.5005
945.0	0.51954
945.2	0.5415
945.4	0.56438
945.6	0.58824
945.8	0.61069
946.0	0.62996
946.2	0.65221
946.4	0.67156
946.6	0.69126
946.8	0.7101
947.0	0.72937
947.2	0.74784
947.4	0.76444
947.6	0.78144
947.8	0.79661
948.0	0.80939
948.2	0.82276
948.4	0.83612
948.6	0.84465
948.8	0.8529
949.0	0.86001
949.2	0.86568
949.4	0.86821
949.6	0.87389
949.8	0.8739
950.0	0.87358
950.2	0.87424
950.4	0.87137
950.6	0.86721
950.8	0.86261
951.0	0.85797
951.2	0.85216
951.4	0.84556
951.6	0.83866
951.8	0.83227
952.0	0.82465
952.2	0.81556
952.4	0.8099
952.6	0.80107
952.8	0.79265
953.0	0.78554
953.2	0.77773
953.4	0.76961
953.6	0.76221
953.8	0.75554
954.0	0.7478
954.2	0.74085
954.4	0.733
954.6	0.72877
954.8	0.72216
955.0	0.71609
955.2	0.71017
955.4	0.70431
955.6	0.69849
955.8	0.69402
956.0	0.68936
956.2	0.68495
956.4	0.6815
956.6	0.67815
956.8	0.67513
957.0	0.67188
957.2	0.66947
957.4	0.66701
957.6	0.66478
957.8	0.66307
958.0	0.66175
958.2	0.66088
958.4	0.66017
958.6	0.65899
958.8	0.65796
959.0	0.65797
959.2	0.65786
959.4	0.65768
959.6	0.65821
959.8	0.65874
960.0	0.65992
960.2	0.66145
960.4	0.6614
960.6	0.66239
960.8	0.6634
961.0	0.66437
961.2	0.66638
961.4	0.66796
961.6	0.67002
961.8	0.67209
962.0	0.67464
962.2	0.67673
962.4	0.67858
962.6	0.68138
962.8	0.68362
963.0	0.6857
963.2	0.68824
963.4	0.69087
963.6	0.69402
963.8	0.69733
964.0	0.70011
964.2	0.70323
964.4	0.7057
964.6	0.7097
964.8	0.71304
965.0	0.71641
965.2	0.71996
965.4	0.72353
965.6	0.72711
965.8	0.73113
966.0	0.73423
966.2	0.73721
966.4	0.74115
966.6	0.74473
966.8	0.74824
967.0	0.75156
967.2	0.75471
967.4	0.75855
967.6	0.76193
967.8	0.76576
968.0	0.76854
968.2	0.77221
968.4	0.77568
968.6	0.7796
968.8	0.78339
969.0	0.78697
969.2	0.79021
969.4	0.79363
969.6	0.79665
969.8	0.80021
970.0	0.80441
970.2	0.80789
970.4	0.81107
970.6	0.81374
970.8	0.8168
971.0	0.81977
971.2	0.82349
971.4	0.82589
971.6	0.82889
971.8	0.8319
972.0	0.83419
972.2	0.83726
972.4	0.83962
972.6	0.84197
972.8	0.84362
973.0	0.84599
973.2	0.84841
973.4	0.85063
973.6	0.85138
973.8	0.85302
974.0	0.854
974.2	0.85534
974.4	0.85648
974.6	0.85747
974.8	0.8586
975.0	0.85926
975.2	0.85922
975.4	0.85919
975.6	0.85915
975.8	0.85846
976.0	0.85859
976.2	0.85752
976.4	0.85649
976.6	0.85554
976.8	0.85396
977.0	0.85328
977.2	0.85169
977.4	0.84943
977.6	0.84747
977.8	0.84503
978.0	0.84335
978.2	0.84012
978.4	0.8379
978.6	0.83556
978.8	0.83317
979.0	0.83006
979.2	0.82737
979.4	0.8239
979.6	0.82128
979.8	0.81893
980.0	0.81627
980.2	0.81345
980.4	0.80908
980.6	0.80519
980.8	0.8018
981.0	0.79912
981.2	0.79622
981.4	0.79308
981.6	0.7897
981.8	0.78713
982.0	0.78389
982.2	0.78104
982.4	0.77877
982.6	0.7754
982.8	0.77259
983.0	0.76987
983.2	0.76758
983.4	0.76492
983.6	0.763
983.8	0.7612
984.0	0.75861
984.2	0.75608
984.4	0.75527
984.6	0.7543
984.8	0.75302
985.0	0.75218
985.2	0.75083
985.4	0.74948
985.6	0.74814
985.8	0.74798
986.0	0.74751
986.2	0.74765
986.4	0.74758
986.6	0.74777
986.8	0.74839
987.0	0.74955
987.2	0.75054
987.4	0.75145
987.6	0.75297
987.8	0.75466
988.0	0.75635
988.2	0.75843
988.4	0.76102
988.6	0.76348
988.8	0.76636
989.0	0.76954
989.2	0.77265
989.4	0.77637
989.6	0.77992
989.8	0.78348
990.0	0.78824
990.2	0.79297
990.4	0.79625
990.6	0.80078
990.8	0.80559
991.0	0.80992
991.2	0.81519
991.4	0.82079
991.6	0.82631
991.8	0.83086
992.0	0.83688
992.2	0.84267
992.4	0.84802
992.6	0.85373
992.8	0.85927
993.0	0.86493
993.2	0.87089
993.4	0.8767
993.6	0.88206
993.8	0.88749
994.0	0.89269
994.2	0.89785
994.4	0.90292
994.6	0.90734
994.8	0.91187
995.0	0.91596
995.2	0.92
995.4	0.92404
995.6	0.92811
995.8	0.9313
996.0	0.93344
996.2	0.93507
996.4	0.93604
996.6	0.93669
996.8	0.93693
997.0	0.9361
997.2	0.93492
997.4	0.93298
997.6	0.93078
997.8	0.92763
998.0	0.92457
998.2	0.91999
998.4	0.9154
998.6	0.91011
998.8	0.90459
999.0	0.89832
999.2	0.89169
999.4	0.88367
999.6	0.87613
999.8	0.86806
1000.0	0.85944
1000.2	0.84996
1000.4	0.84011
1000.6	0.83058
1000.8	0.82002
1001.0	0.80911
1001.2	0.79886
1001.4	0.78832
1001.6	0.77748
1001.8	0.76643
1002.0	0.75486
1002.2	0.74359
1002.4	0.73292
1002.6	0.72151
1002.8	0.70963
1003.0	0.69877
1003.2	0.68761
1003.4	0.67642
1003.6	0.66581
1003.8	0.65537
1004.0	0.64464
1004.2	0.63471
1004.4	0.62428
1004.6	0.61474
1004.8	0.60597
1005.0	0.59692
1005.2	0.60438
1005.4	0.59471
1005.6	0.58557
1005.8	0.57661
1006.0	0.56737
1006.2	0.55887
1006.4	0.55055
1006.6	0.54183
1006.8	0.53413
1007.0	0.52635
1007.2	0.51861
1007.4	0.51161
1007.6	0.50458
1007.8	0.49753
1008.0	0.49134
1008.2	0.48531
1008.4	0.47893
1008.6	0.47318
1008.8	0.46712
1009.0	0.4617
1009.2	0.4569
1009.4	0.45147
1009.6	0.44649
1009.8	0.44237
1010.0	0.43792
1010.2	0.43334
1010.4	0.4293
1010.6	0.42489
1010.8	0.4215
1011.0	0.41791
1011.2	0.41409
1011.4	0.4109
1011.6	0.40785
1011.8	0.40462
1012.0	0.40184
1012.2	0.39906
1012.4	0.39632
1012.6	0.39441
1012.8	0.39231
1013.0	0.38994
1013.2	0.38812
1013.4	0.38621
1013.6	0.38436
1013.8	0.38275
1014.0	0.38122
1014.2	0.38008
1014.4	0.37921
1014.6	0.37757
1014.8	0.37653
1015.0	0.37556
1015.2	0.37451
1015.4	0.37416
1015.6	0.37354
1015.8	0.37252
1016.0	0.37253
1016.2	0.37162
1016.4	0.37177
1016.6	0.37201
1016.8	0.3718
1017.0	0.37241
1017.2	0.37291
1017.4	0.37243
1017.6	0.37344
1017.8	0.37357
1018.0	0.37377
1018.2	0.37478
1018.4	0.37535
1018.6	0.37607
1018.8	0.37741
1019.0	0.37802
1019.2	0.37899
1019.4	0.38021
1019.6	0.38119
1019.8	0.38273
1020.0	0.38402
1020.2	0.38521
1020.4	0.38684
1020.6	0.38879
1020.8	0.38994
1021.0	0.3919
1021.2	0.39338
1021.4	0.3952
1021.6	0.39744
1021.8	0.39928
1022.0	0.4015
1022.2	0.40379
1022.4	0.40559
1022.6	0.40863
1022.8	0.41087
1023.0	0.41293
1023.2	0.41541
1023.4	0.41785
1023.6	0.42078
1023.8	0.42375
1024.0	0.42612
1024.2	0.42915
1024.4	0.43243
1024.6	0.43474
1024.8	0.43835
1025.0	0.43971
1025.2	0.44081
1025.4	0.44416
1025.6	0.44742
1025.8	0.4501
1026.0	0.45408
1026.2	0.45834
1026.4	0.46064
1026.6	0.46445
1026.8	0.46798
1027.0	0.47118
1027.2	0.47526
1027.4	0.47908
1027.6	0.48375
1027.8	0.48761
1028.0	0.49068
1028.2	0.49561
1028.4	0.4995
1028.6	0.50298
1028.8	0.5081
1029.0	0.51181
1029.2	0.51642
1029.4	0.52101
1029.6	0.52546
1029.8	0.53002
1030.0	0.53435
1030.2	0.53888
1030.4	0.5441
1030.6	0.54826
1030.8	0.55399
1031.0	0.55911
1031.2	0.56346
1031.4	0.56842
1031.6	0.57351
1031.8	0.57946
1032.0	0.5848
1032.2	0.58887
1032.4	0.59471
1032.6	0.60026
1032.8	0.60563
1033.0	0.61135
1033.2	0.61664
1033.4	0.62214
1033.6	0.62816
1033.8	0.63333
1034.0	0.63951
1034.2	0.64469
1034.4	0.64986
1034.6	0.65638
1034.8	0.66174
1035.0	0.6676
1035.2	0.67336
1035.4	0.67868
1035.6	0.68479
1035.8	0.69
1036.0	0.69614
1036.2	0.70214
1036.4	0.70791
1036.6	0.71377
1036.8	0.71891
1037.0	0.72511
1037.2	0.73049
1037.4	0.73563
1037.6	0.74112
1037.8	0.7469
1038.0	0.75227
1038.2	0.75834
1038.4	0.76305
1038.6	0.76745
1038.8	0.77333
1039.0	0.7779
1039.2	0.78203
1039.4	0.78717
1039.6	0.79175
1039.8	0.79676
1040.0	0.80097
1040.2	0.8048
1040.4	0.80819
1040.6	0.81214
1040.8	0.81582
1041.0	0.81989
1041.2	0.82206
1041.4	0.82464
1041.6	0.82771
1041.8	0.83076
1042.0	0.83323
1042.2	0.83574
1042.4	0.83726
1042.6	0.83912
1042.8	0.8401
1043.0	0.84167
1043.2	0.84291
1043.4	0.84404
1043.6	0.84414
1043.8	0.84477
1044.0	0.84477
1044.2	0.84447
1044.4	0.84483
1044.6	0.84457
1044.8	0.84257
1045.0	0.84318
1045.2	0.84138
1045.4	0.84123
1045.6	0.83993
1045.8	0.83679
1046.0	0.83613
1046.2	0.83349
1046.4	0.83175
1046.6	0.82877
1046.8	0.82745
1047.0	0.82392
1047.2	0.82174
1047.4	0.81985
1047.6	0.81576
1047.8	0.81326
1048.0	0.80992
1048.2	0.80802
1048.4	0.80531
1048.6	0.8015
1048.8	0.79794
1049.0	0.7957
1049.2	0.79184
1049.4	0.78781
1049.6	0.78481
1049.8	0.78121
1050.0	0.77821
1050.2	0.77473
1050.4	0.77165
1050.6	0.76828
1050.8	0.76544
1051.0	0.76168
1051.2	0.75724
1051.4	0.755
1051.6	0.75193
1051.8	0.74925
1052.0	0.74716
1052.2	0.74347
1052.4	0.74055
1052.6	0.73814
1052.8	0.73485
1053.0	0.73275
1053.2	0.72967
1053.4	0.72795
1053.6	0.72559
1053.8	0.72292
1054.0	0.721
1054.2	0.71779
1054.4	0.71794
1054.6	0.71423
1054.8	0.71295
1055.0	0.71183
1055.2	0.71035
1055.4	0.70958
1055.6	0.70812
1055.8	0.7062
1056.0	0.70582
1056.2	0.7042
1056.4	0.70384
1056.6	0.70343
1056.8	0.70206
1057.0	0.70142
1057.2	0.70058
1057.4	0.70049
1057.6	0.70091
1057.8	0.69971
1058.0	0.69979
1058.2	0.69883
1058.4	0.69959
1058.6	0.6997
1058.8	0.70105
1059.0	0.70023
1059.2	0.70091
1059.4	0.7016
1059.6	0.70074
1059.8	0.70296
1060.0	0.704
1060.2	0.70481
1060.4	0.70574
1060.6	0.70555
1060.8	0.70734
1061.0	0.70856
1061.2	0.7093
1061.4	0.70992
1061.6	0.71203
1061.8	0.71267
1062.0	0.71521
1062.2	0.71598
1062.4	0.71677
1062.6	0.7175
1062.8	0.71771
1063.0	0.72098
1063.2	0.72249
1063.4	0.72418
1063.6	0.72657
1063.8	0.7262
1064.0	0.7292
1064.2	0.73124
1064.4	0.73135
1064.6	0.73329
1064.8	0.73457
1065.0	0.73613
1065.2	0.73758
1065.4	0.73839
1065.6	0.73997
1065.8	0.74115
1066.0	0.74232
1066.2	0.74344
1066.4	0.74358
1066.6	0.74555
1066.8	0.74601
1067.0	0.74666
1067.2	0.74828
1067.4	0.74899
1067.6	0.7494
1067.8	0.74965
1068.0	0.74902
1068.2	0.7497
1068.4	0.74966
1068.6	0.74988
1068.8	0.7496
1069.0	0.75036
1069.2	0.75107
1069.4	0.74977
1069.6	0.74847
1069.8	0.75113
1070.0	0.74854
1070.2	0.74825
1070.4	0.7473
1070.6	0.74655
1070.8	0.74543
1071.0	0.74419
1071.2	0.74392
1071.4	0.74371
1071.6	0.74193
1071.8	0.74067
1072.0	0.73861
1072.2	0.73759
1072.4	0.73644
1072.6	0.73443
1072.8	0.7332
1073.0	0.73081
1073.2	0.72979
1073.4	0.72912
1073.6	0.72747
1073.8	0.72493
1074.0	0.72381
1074.2	0.72156
1074.4	0.72031
1074.6	0.71799
1074.8	0.71703
1075.0	0.71422
1075.2	0.71236
1075.4	0.71206
1075.6	0.70939
1075.8	0.70717
1076.0	0.70519
1076.2	0.70343
1076.4	0.70293
1076.6	0.70184
1076.8	0.69978
1077.0	0.69762
1077.2	0.69642
1077.4	0.69504
1077.6	0.69401
1077.8	0.69259
1078.0	0.69119
1078.2	0.69016
1078.4	0.68849
1078.6	0.68777
1078.8	0.68689
1079.0	0.68599
1079.2	0.6846
1079.4	0.68464
1079.6	0.68477
1079.8	0.68294
1080.0	0.68292
1080.2	0.68342
1080.4	0.68325
1080.6	0.68335
1080.8	0.68365
1081.0	0.68322
1081.2	0.68201
1081.4	0.68394
1081.6	0.68283
1081.8	0.68475
1082.0	0.68395
1082.2	0.68384
1082.4	0.686
1082.6	0.68661
1082.8	0.68769
1083.0	0.68732
1083.2	0.68956
1083.4	0.68984
1083.6	0.69253
1083.8	0.69421
1084.0	0.69546
1084.2	0.69801
1084.4	0.69845
1084.6	0.70101
1084.8	0.70118
1085.0	0.70403
1085.2	0.70652
1085.4	0.7098
1085.6	0.71283
1085.8	0.71592
1086.0	0.71842
1086.2	0.71904
1086.4	0.72377
1086.6	0.7242
1086.8	0.7286
1087.0	0.7317
1087.2	0.73521
1087.4	0.73739
1087.6	0.74097
1087.8	0.74458
1088.0	0.74727
1088.2	0.75075
1088.4	0.75443
1088.6	0.75752
1088.8	0.76168
1089.0	0.76533
1089.2	0.76934
1089.4	0.77143
1089.6	0.77575
1089.8	0.77948
1090.0	0.78222
1090.2	0.78395
1090.4	0.79043
1090.6	0.79164
1090.8	0.79527
1091.0	0.79824
1091.2	0.80225
1091.4	0.80573
1091.6	0.80833
1091.8	0.8149
1092.0	0.8183
1092.2	0.82124
1092.4	0.82297
1092.6	0.82601
1092.8	0.82837
1093.0	0.83286
1093.2	0.83595
1093.4	0.83942
1093.6	0.84019
1093.8	0.84338
1094.0	0.84585
1094.2	0.8458
1094.4	0.84813
1094.6	0.85235
1094.8	0.85304
1095.0	0.85282
1095.2	0.8555
1095.4	0.85571
1095.6	0.8561
1095.8	0.85875
1096.0	0.85721
1096.2	0.85929
1096.4	0.85852
1096.6	0.86092
1096.8	0.85916
1097.0	0.85962
1097.2	0.85861
1097.4	0.85816
1097.6	0.85915
1097.8	0.85719
1098.0	0.85385
1098.2	0.85302
1098.4	0.85384
1098.6	0.85128
1098.8	0.8495
1099.0	0.84516
1099.2	0.84641
1099.4	0.8417
1099.6	0.83995
1099.8	0.83738
1100.0	0.83452
1100.2	0.83289
1100.4	0.82854
1100.6	0.82876
1100.8	0.82174
1101.0	0.81792
1101.2	0.81824
1101.4	0.81232
1101.6	0.81078
1101.8	0.80624
1102.0	0.80252
1102.2	0.79811
1102.4	0.79604
1102.6	0.78946
1102.8	0.78779
1103.0	0.78409
1103.2	0.78125
1103.4	0.77622
1103.6	0.77204
1103.8	0.76744
1104.0	0.76374
1104.2	0.76379
1104.4	0.75769
1104.6	0.75478
1104.8	0.7501
1105.0	0.74925
1105.2	0.7447
1105.4	0.74067
1105.6	0.73755
1105.8	0.7338
1106.0	0.73063
1106.2	0.72884
1106.4	0.72356
1106.6	0.72081
1106.8	0.7186
1107.0	0.71522
1107.2	0.71202
1107.4	0.70823
1107.6	0.70812
1107.8	0.70549
1108.0	0.69984
1108.2	0.6994
1108.4	0.69444
1108.6	0.69417
1108.8	0.69089
1109.0	0.68767
1109.2	0.68656
1109.4	0.68511
1109.6	0.68146
1109.8	0.68136
1110.0	0.67833
1110.2	0.67626
1110.4	0.67483
1110.6	0.67438
1110.8	0.6709
1111.0	0.67182
1111.2	0.66727
1111.4	0.665
1111.6	0.66504
1111.8	0.66561
1112.0	0.66424
1112.2	0.66138
1112.4	0.66167
1112.6	0.66008
1112.8	0.65796
1113.0	0.65574
1113.2	0.65557
1113.4	0.65592
1113.6	0.65608
1113.8	0.65525
1114.0	0.65341
1114.2	0.65293
1114.4	0.65223
1114.6	0.65131
1114.8	0.65195
1115.0	0.6505
1115.2	0.65056
1115.4	0.64974
1115.6	0.6455
1115.8	0.64758
1116.0	0.64606
1116.2	0.64956
1116.4	0.64555
1116.6	0.64533
1116.8	0.64361
1117.0	0.64367
1117.2	0.64399
1117.4	0.64369
1117.6	0.64339
1117.8	0.64368
1118.0	0.64254
1118.2	0.64134
1118.4	0.64181
1118.6	0.63919
1118.8	0.63913
1119.0	0.6391
1119.2	0.63854
1119.4	0.63911
1119.6	0.63884
1119.8	0.63641
1120.0	0.63513
1120.2	0.63315
1120.4	0.63244
1120.6	0.63145
1120.8	0.63084
1121.0	0.63182
1121.2	0.63041
1121.4	0.62901
1121.6	0.62761
1121.8	0.62622
1122.0	0.62482
1122.2	0.62318
1122.4	0.62156
1122.6	0.61993
1122.8	0.61831
1123.0	0.61669
1123.2	0.61471
1123.4	0.61274
1123.6	0.61078
1123.8	0.60882
1124.0	0.60686
1124.2	0.6047
1124.4	0.60255
1124.6	0.6004
1124.8	0.59826
1125.0	0.59613
1125.2	0.59388
1125.4	0.59164
1125.6	0.58941
1125.8	0.58719
1126.0	0.58498
1126.2	0.58245
1126.4	0.57994
1126.6	0.57744
1126.8	0.57495
1127.0	0.57247
1127.2	0.57001
1127.4	0.56755
1127.6	0.5651
1127.8	0.56267
1128.0	0.56024
1128.2	0.55759
1128.4	0.55495
1128.6	0.55232
1128.8	0.54971
1129.0	0.54711
1129.2	0.54472
1129.4	0.54235
1129.6	0.53999
1129.8	0.53764
1130.0	0.5353
1130.2	0.53293
1130.4	0.53058
1130.6	0.52824
1130.8	0.52591
1131.0	0.52359
1131.2	0.52147
1131.4	0.51936
1131.6	0.51726
1131.8	0.51517
1132.0	0.51309
1132.2	0.51107
1132.4	0.50907
1132.6	0.50707
1132.8	0.50508
1133.0	0.50312
1133.2	0.50154
1133.4	0.49996
1133.6	0.49839
1133.8	0.49682
1134.0	0.49527
1134.2	0.49406
1134.4	0.49285
1134.6	0.49165
1134.8	0.49045
1135.0	0.48926
1135.2	0.4885
1135.4	0.48775
1135.6	0.48699
1135.8	0.48624
1136.0	0.48549
1136.2	0.48492
1136.4	0.48436
1136.6	0.48379
1136.8	0.48322
1137.0	0.48267
1137.2	0.48238
1137.4	0.4821
1137.6	0.48182
1137.8	0.48153
1138.0	0.48127
1138.2	0.48157
1138.4	0.48187
1138.6	0.48218
1138.8	0.48248
1139.0	0.48279
1139.2	0.48362
1139.4	0.48445
1139.6	0.48528
1139.8	0.48612
1140.0	0.48696
1140.2	0.48816
1140.4	0.48937
1140.6	0.49058
1140.8	0.49179
1141.0	0.49303
1141.2	0.49469
1141.4	0.49637
1141.6	0.49805
1141.8	0.49973
1142.0	0.50144
1142.2	0.50355
1142.4	0.50567
1142.6	0.50779
1142.8	0.50993
1143.0	0.51209
1143.2	0.51462
1143.4	0.51716
1143.6	0.51971
1143.8	0.52227
1144.0	0.52489
1144.2	0.52853
1144.4	0.5322
1144.6	0.5359
1144.8	0.53962
1145.0	0.54336
1145.2	0.54698
1145.4	0.55062
1145.6	0.55429
1145.8	0.55798
1146.0	0.5617
1146.2	0.5659
1146.4	0.57013
1146.6	0.57439
1146.8	0.57869
1147.0	0.58302
1147.2	0.58778
1147.4	0.59258
1147.6	0.59742
1147.8	0.6023
1148.0	0.60722
1148.2	0.61276
1148.4	0.61835
1148.6	0.62399
1148.8	0.62968
1149.0	0.63542
1149.2	0.64123
1149.4	0.64708
1149.6	0.65299
1149.8	0.65896
1150.0	0.66496
1150.2	0.67079
1150.4	0.67667
1150.6	0.68261
1150.8	0.68859
1151.0	0.69465
1151.2	0.70122
1151.4	0.70786
1151.6	0.71455
1151.8	0.72131
1152.0	0.72813
1152.2	0.73481
1152.4	0.74155
1152.6	0.74835
1152.8	0.75521
1153.0	0.76211
1153.2	0.76859
1153.4	0.77511
1153.6	0.7817
1153.8	0.78834
1154.0	0.79503
1154.2	0.80177
1154.4	0.80858
1154.6	0.81543
1154.8	0.82235
1155.0	0.82932
1155.2	0.83527
1155.4	0.84126
1155.6	0.84729
1155.8	0.85337
1156.0	0.85949
1156.2	0.865
1156.4	0.87055
1156.6	0.87614
1156.8	0.88176
1157.0	0.8874
1157.2	0.89214
1157.4	0.89691
1157.6	0.9017
1157.8	0.90652
1158.0	0.91135
1158.2	0.91517
1158.4	0.91899
1158.6	0.92284
1158.8	0.9267
1159.0	0.93056
1159.2	0.93343
1159.4	0.93631
1159.6	0.93919
1159.8	0.94209
1160.0	0.94497
1160.2	0.94671
1160.4	0.94845
1160.6	0.95019
1160.8	0.95194
1161.0	0.95367
1161.2	0.95454
1161.4	0.95541
1161.6	0.95628
1161.8	0.95716
1162.0	0.95799
1162.2	0.95771
1162.4	0.95742
1162.6	0.95714
1162.8	0.95685
1163.0	0.95655
1163.2	0.95569
1163.4	0.95483
1163.6	0.95397
1163.8	0.95312
1164.0	0.95223
1164.2	0.95076
1164.4	0.94928
1164.6	0.94781
1164.8	0.94634
1165.0	0.94487
1165.2	0.94293
1165.4	0.941
1165.6	0.93906
1165.8	0.93714
1166.0	0.93521
1166.2	0.93331
1166.4	0.93141
1166.6	0.92952
1166.8	0.92763
1167.0	0.92573
1167.2	0.92347
1167.4	0.92123
1167.6	0.91898
1167.8	0.91675
1168.0	0.91453
1168.2	0.91271
1168.4	0.91089
1168.6	0.90908
1168.8	0.90727
1169.0	0.90545
1169.2	0.90352
1169.4	0.90158
1169.6	0.89965
1169.8	0.89773
1170.0	0.89581
1170.2	0.89415
1170.4	0.89251
1170.6	0.89086
1170.8	0.88922
1171.0	0.88759
1171.2	0.8865
1171.4	0.88541
1171.6	0.88432
1171.8	0.88323
1172.0	0.88214
1172.2	0.88097
1172.4	0.87979
1172.6	0.87862
1172.8	0.87745
1173.0	0.87629
1173.2	0.876
1173.4	0.87572
1173.6	0.87544
1173.8	0.87516
1174.0	0.87487
1174.2	0.87441
1174.4	0.87395
1174.6	0.87349
1174.8	0.87303
1175.0	0.8726
1175.2	0.87291
1175.4	0.87321
1175.6	0.87352
1175.8	0.87382
1176.0	0.87413
1176.2	0.87432
1176.4	0.87452
1176.6	0.87471
1176.8	0.87491
1177.0	0.87512
1177.2	0.87583
1177.4	0.87655
1177.6	0.87726
1177.8	0.87798
1178.0	0.87869
1178.2	0.87933
1178.4	0.87997
1178.6	0.88061
1178.8	0.88124
1179.0	0.88189
1179.2	0.88287
1179.4	0.88385
1179.6	0.88483
1179.8	0.88582
1180.0	0.88679
1180.2	0.88748
1180.4	0.88816
1180.6	0.88884
1180.8	0.88952
1181.0	0.89021
1181.2	0.89117
1181.4	0.89213
1181.6	0.89309
1181.8	0.89405
1182.0	0.895
1182.2	0.89549
1182.4	0.89599
1182.6	0.89649
1182.8	0.89699
1183.0	0.89749
1183.2	0.89803
1183.4	0.89858
1183.6	0.89913
1183.8	0.89968
1184.0	0.90021
1184.2	0.90024
1184.4	0.90028
1184.6	0.90031
1184.8	0.90035
1185.0	0.90038
1185.2	0.90024
1185.4	0.90011
1185.6	0.89997
1185.8	0.89983
1186.0	0.89968
1186.2	0.89896
1186.4	0.89824
1186.6	0.89752
1186.8	0.8968
1187.0	0.89608
1187.2	0.89531
1187.4	0.89453
1187.6	0.89376
1187.8	0.89299
1188.0	0.89219
1188.2	0.89061
1188.4	0.88902
1188.6	0.88744
1188.8	0.88587
1189.0	0.88429
1189.2	0.88271
1189.4	0.88114
1189.6	0.87957
1189.8	0.878
1190.0	0.87642
1190.2	0.87429
1190.4	0.87217
1190.6	0.87005
1190.8	0.86794
1191.0	0.86583
1191.2	0.86354
1191.4	0.86126
1191.6	0.85899
1191.8	0.85672
1192.0	0.85444
1192.2	0.85192
1192.4	0.84942
1192.6	0.84691
1192.8	0.84442
1193.0	0.84193
1193.2	0.83918
1193.4	0.83645
1193.6	0.83373
1193.8	0.83101
1194.0	0.82832
1194.2	0.82581
1194.4	0.82331
1194.6	0.82082
1194.8	0.81834
1195.0	0.81585
1195.2	0.81286
1195.4	0.80987
1195.6	0.80689
1195.8	0.80393
1196.0	0.80098
1196.2	0.79842
1196.4	0.79586
1196.6	0.79331
1196.8	0.79077
1197.0	0.78824
1197.2	0.78568
1197.4	0.78314
1197.6	0.7806
1197.8	0.77807
1198.0	0.77554
1198.2	0.77277
1198.4	0.77
1198.6	0.76725
1198.8	0.76451
1199.0	0.76178
1199.2	0.75972
1199.4	0.75766
1199.6	0.7556
1199.8	0.75355
1200.0	0.75151
