Typical Measured Spectrum of Semrock FF03-525/50 Optical Filter
For wavelengths between 320 and 1120 nm, values near or below 3e-7 (Optical Density 6.5) are measurement noise limited.
For wavelengths < 320 nm and > 1120 nm, values near or below 3e-6 (Optical Density 5.5) are measurement noise limited. 
Data format:  Wavelength (nm) <tab> Transmission (0 to 1)
265.0	2.2694e-06
265.2	1.9684e-06
265.4	1.7074e-06
265.6	1.4809e-06
265.8	1.2845e-06
266.0	1.1142e-06
266.2	9.6639e-07
266.4	8.3822e-07
266.6	7.2705e-07
266.8	6.3062e-07
267.0	5.747e-07
267.2	6.667e-07
267.4	7.7343e-07
267.6	8.9724e-07
267.8	1.0409e-06
268.0	1.2075e-06
268.2	1.4008e-06
268.4	1.625e-06
268.6	1.8852e-06
268.8	2.1869e-06
269.0	2.537e-06
269.2	2.9432e-06
269.4	3.4143e-06
269.6	3.9609e-06
269.8	4.5949e-06
270.0	5.3305e-06
270.2	6.1838e-06
270.4	7.1737e-06
270.6	8.3221e-06
270.8	8.1782e-06
271.0	6.9164e-06
271.2	5.8492e-06
271.4	4.9468e-06
271.6	4.1835e-06
271.8	3.5381e-06
272.0	2.9922e-06
272.2	2.5305e-06
272.4	2.1401e-06
272.6	1.8099e-06
272.8	1.5306e-06
273.0	1.2945e-06
273.2	1.0948e-06
273.4	9.2585e-07
273.6	7.83e-07
273.8	6.6219e-07
274.0	5.6002e-07
274.2	4.7362e-07
274.4	4.0054e-07
274.6	6.6849e-07
274.8	1.2083e-06
275.0	2.1841e-06
275.2	1.0046e-06
275.4	4.6209e-07
275.6	3.6752e-07
275.8	3.6361e-07
276.0	3.5974e-07
276.2	3.5591e-07
276.4	3.5212e-07
276.6	3.4837e-07
276.8	3.4467e-07
277.0	3.41e-07
277.2	3.3737e-07
277.4	3.3378e-07
277.6	3.3022e-07
277.8	3.2671e-07
278.0	3.2323e-07
278.2	3.1979e-07
278.4	3.1638e-07
278.6	3.1302e-07
278.8	3.0968e-07
279.0	3.0639e-07
279.2	3.0713e-07
279.4	3.5803e-07
279.6	4.1737e-07
279.8	4.8654e-07
280.0	5.6718e-07
280.2	6.6118e-07
280.4	7.7076e-07
280.6	8.985e-07
280.8	1.0474e-06
281.0	1.221e-06
281.2	1.4234e-06
281.4	1.6593e-06
281.6	1.9343e-06
281.8	2.2548e-06
282.0	2.6285e-06
282.2	3.0642e-06
282.4	3.572e-06
282.6	4.164e-06
282.8	4.8541e-06
283.0	5.156e-06
283.2	4.888e-06
283.4	4.634e-06
283.6	4.3931e-06
283.8	4.1648e-06
284.0	3.9484e-06
284.2	3.7432e-06
284.4	3.5486e-06
284.6	3.3642e-06
284.8	3.1893e-06
285.0	3.0236e-06
285.2	3.1277e-06
285.4	3.2354e-06
285.6	2.8532e-06
285.8	2.4022e-06
286.0	2.0225e-06
286.2	1.7029e-06
286.4	1.4337e-06
286.6	1.2071e-06
286.8	1.0163e-06
287.0	8.5571e-07
287.2	7.2047e-07
287.4	6.066e-07
287.6	5.1072e-07
287.8	4.3e-07
288.0	3.6204e-07
288.2	3.0482e-07
288.4	2.5664e-07
288.6	2.1608e-07
288.8	1.8193e-07
289.0	1.5317e-07
289.2	1.3206e-07
289.4	1.3021e-07
289.6	1.2839e-07
289.8	1.266e-07
290.0	1.2483e-07
290.2	1.2308e-07
290.4	1.2136e-07
290.6	1.1966e-07
290.8	1.1799e-07
291.0	1.1634e-07
291.2	1.1471e-07
291.4	1.1311e-07
291.6	1.1153e-07
291.8	1.0997e-07
292.0	1.0843e-07
292.2	1.0692e-07
292.4	1.0542e-07
292.6	1.0395e-07
292.8	1.0249e-07
293.0	1.1174e-07
293.2	1.3318e-07
293.4	1.5874e-07
293.6	1.8919e-07
293.8	2.2549e-07
294.0	2.6875e-07
294.2	3.2032e-07
294.4	3.8177e-07
294.6	4.5502e-07
294.8	5.4233e-07
295.0	6.4638e-07
295.2	6.7156e-07
295.4	6.9773e-07
295.6	7.2491e-07
295.8	7.5315e-07
296.0	7.825e-07
296.2	8.1298e-07
296.4	8.4466e-07
296.6	8.7757e-07
296.8	9.1176e-07
297.0	9.4728e-07
297.2	9.8419e-07
297.4	1.0225e-06
297.6	1.0624e-06
297.8	1.1038e-06
298.0	1.0752e-06
298.2	9.4478e-07
298.4	8.3021e-07
298.6	7.2954e-07
298.8	6.4107e-07
299.0	5.6333e-07
299.2	4.9502e-07
299.4	4.3499e-07
299.6	3.8224e-07
299.8	3.3589e-07
300.0	2.9516e-07
300.2	2.5937e-07
300.4	2.2792e-07
300.6	2.0028e-07
300.8	1.7599e-07
301.0	1.5465e-07
301.2	1.359e-07
301.4	1.1942e-07
301.6	1.0494e-07
301.8	1.0077e-07
302.0	9.9432e-08
302.2	9.8116e-08
302.4	9.6818e-08
302.6	9.5537e-08
302.8	9.4273e-08
303.0	9.3025e-08
303.2	9.1794e-08
303.4	9.0579e-08
303.6	8.9381e-08
303.8	8.8198e-08
304.0	8.7031e-08
304.2	8.5879e-08
304.4	8.4743e-08
304.6	8.3621e-08
304.8	8.2515e-08
305.0	8.1423e-08
305.2	8.0551e-08
305.4	7.9688e-08
305.6	7.8984e-08
305.8	7.8667e-08
306.0	7.8352e-08
306.2	7.8038e-08
306.4	7.7726e-08
306.6	7.7415e-08
306.8	7.7104e-08
307.0	7.6796e-08
307.2	7.6488e-08
307.4	7.6182e-08
307.6	7.5876e-08
307.8	7.5573e-08
308.0	7.527e-08
308.2	7.4968e-08
308.4	7.4668e-08
308.6	7.4369e-08
308.8	7.4071e-08
309.0	7.3774e-08
309.2	7.3479e-08
309.4	7.3124e-08
309.6	7.2737e-08
309.8	7.2353e-08
310.0	7.197e-08
310.2	7.1589e-08
310.4	7.1211e-08
310.6	7.0834e-08
310.8	7.0459e-08
311.0	7.0087e-08
311.2	6.9716e-08
311.4	6.9347e-08
311.6	6.898e-08
311.8	6.8615e-08
312.0	6.8253e-08
312.2	6.7892e-08
312.4	6.7532e-08
312.6	6.7175e-08
312.8	6.682e-08
313.0	6.6549e-08
313.2	7.4926e-08
313.4	8.4358e-08
313.6	9.4978e-08
313.8	1.0693e-07
314.0	1.204e-07
314.2	1.3555e-07
314.4	1.5261e-07
314.6	1.7183e-07
314.8	1.9346e-07
315.0	2.1781e-07
315.2	2.4523e-07
315.4	2.761e-07
315.6	3.1086e-07
315.8	3.4999e-07
316.0	3.9404e-07
316.2	4.4365e-07
316.4	4.995e-07
316.6	5.6238e-07
316.8	6.0098e-07
317.0	5.919e-07
317.2	5.8295e-07
317.4	5.7414e-07
317.6	5.6547e-07
317.8	5.5692e-07
318.0	5.4851e-07
318.2	5.4022e-07
318.4	5.3206e-07
318.6	5.2402e-07
318.8	5.161e-07
319.0	5.083e-07
319.2	5.0062e-07
319.4	4.9306e-07
319.6	4.8561e-07
319.8	4.7827e-07
320.0	4.7104e-07
320.2	4.6392e-07
320.4	4.5691e-07
320.6	4.1647e-07
320.8	3.7117e-07
321.0	3.308e-07
321.2	2.9481e-07
321.4	2.6274e-07
321.6	2.3416e-07
321.8	2.0869e-07
322.0	1.8599e-07
322.2	1.6576e-07
322.4	1.4773e-07
322.6	1.3166e-07
322.8	1.1734e-07
323.0	1.0458e-07
323.2	9.32e-08
323.4	8.3062e-08
323.6	7.4027e-08
323.8	6.5974e-08
324.0	5.8798e-08
324.2	5.4233e-08
324.4	5.952e-08
324.6	6.5321e-08
324.8	7.1689e-08
325.0	7.8676e-08
325.2	8.6345e-08
325.4	9.4762e-08
325.6	1.04e-07
325.8	1.1414e-07
326.0	1.2526e-07
326.2	1.3747e-07
326.4	1.5087e-07
326.6	1.6558e-07
326.8	1.8172e-07
327.0	1.9943e-07
327.2	2.1887e-07
327.4	2.402e-07
327.6	2.6362e-07
327.8	2.8931e-07
328.0	2.9937e-07
328.2	2.9632e-07
328.4	2.933e-07
328.6	2.9031e-07
328.8	2.8735e-07
329.0	2.8443e-07
329.2	2.8153e-07
329.4	2.7866e-07
329.6	2.7582e-07
329.8	2.7301e-07
330.0	2.7023e-07
330.2	2.6748e-07
330.4	2.6476e-07
330.6	2.6206e-07
330.8	2.5939e-07
331.0	2.5675e-07
331.2	2.5413e-07
331.4	2.5155e-07
331.6	2.4898e-07
331.8	2.2417e-07
332.0	2.0133e-07
332.2	1.8082e-07
332.4	1.624e-07
332.6	1.4586e-07
332.8	1.31e-07
333.0	1.1766e-07
333.2	1.0567e-07
333.4	9.491e-08
333.6	8.5242e-08
333.8	7.6559e-08
334.0	6.8761e-08
334.2	6.1757e-08
334.4	5.5466e-08
334.6	4.9816e-08
334.8	4.4742e-08
335.0	4.0184e-08
335.2	3.6548e-08
335.4	3.3241e-08
335.6	3.1866e-08
335.8	3.4438e-08
336.0	3.7218e-08
336.2	4.0223e-08
336.4	4.347e-08
336.6	4.6979e-08
336.8	5.0771e-08
337.0	5.487e-08
337.2	5.9299e-08
337.4	6.4086e-08
337.6	6.926e-08
337.8	7.4851e-08
338.0	8.0893e-08
338.2	8.7423e-08
338.4	9.4481e-08
338.6	1.0211e-07
338.8	1.1035e-07
339.0	1.1926e-07
339.2	1.2889e-07
339.4	1.3138e-07
339.6	1.3054e-07
339.8	1.2969e-07
340.0	1.2886e-07
340.2	1.2803e-07
340.4	1.272e-07
340.6	1.2638e-07
340.8	1.2557e-07
341.0	1.2476e-07
341.2	1.2395e-07
341.4	1.2316e-07
341.6	1.2236e-07
341.8	1.2157e-07
342.0	1.2079e-07
342.2	1.2001e-07
342.4	1.1924e-07
342.6	1.1847e-07
342.8	1.177e-07
343.0	1.1608e-07
343.2	1.0617e-07
343.4	9.7104e-08
343.6	8.8814e-08
343.8	8.1232e-08
344.0	7.4297e-08
344.2	6.7954e-08
344.4	6.2152e-08
344.6	5.6846e-08
344.8	5.1993e-08
345.0	4.7554e-08
345.2	4.3494e-08
345.4	3.9781e-08
345.6	3.6385e-08
345.8	3.3279e-08
346.0	3.0438e-08
346.2	2.7839e-08
346.4	2.5462e-08
346.6	2.3289e-08
346.8	2.3669e-08
347.0	2.6844e-08
347.2	3.0446e-08
347.4	3.4531e-08
347.6	3.9165e-08
347.8	4.442e-08
348.0	5.038e-08
348.2	5.714e-08
348.4	6.4807e-08
348.6	7.3503e-08
348.8	8.3365e-08
349.0	9.4551e-08
349.2	1.0724e-07
349.4	1.2163e-07
349.6	1.3795e-07
349.8	1.5646e-07
350.0	1.7745e-07
350.2	2.0126e-07
350.4	2.2826e-07
350.6	2.0669e-07
350.8	1.8278e-07
351.0	1.6164e-07
351.2	1.4295e-07
351.4	1.2641e-07
351.6	1.1179e-07
351.8	9.886e-08
352.0	8.7425e-08
352.2	7.7313e-08
352.4	6.8371e-08
352.6	6.0463e-08
352.8	5.3469e-08
353.0	4.7285e-08
353.2	4.1815e-08
353.4	3.6979e-08
353.6	3.2702e-08
353.8	2.8919e-08
354.0	2.5574e-08
354.2	2.3528e-08
354.4	2.3543e-08
354.6	2.3558e-08
354.8	2.3572e-08
355.0	2.3587e-08
355.2	2.3602e-08
355.4	2.3616e-08
355.6	2.3631e-08
355.8	2.3646e-08
356.0	2.3661e-08
356.2	2.3675e-08
356.4	2.369e-08
356.6	2.3705e-08
356.8	2.372e-08
357.0	2.3735e-08
357.2	2.3749e-08
357.4	2.3764e-08
357.6	2.3779e-08
357.8	2.3794e-08
358.0	2.5583e-08
358.2	2.8173e-08
358.4	3.1026e-08
358.6	3.4168e-08
358.8	3.7628e-08
359.0	4.1438e-08
359.2	4.5634e-08
359.4	5.0255e-08
359.6	5.5343e-08
359.8	6.0947e-08
360.0	6.7119e-08
360.2	7.3915e-08
360.4	8.14e-08
360.6	8.9642e-08
360.8	9.8719e-08
361.0	1.0872e-07
361.2	1.1972e-07
361.4	1.3185e-07
361.6	1.4332e-07
361.8	1.471e-07
362.0	1.5098e-07
362.2	1.5496e-07
362.4	1.5905e-07
362.6	1.6324e-07
362.8	1.6755e-07
363.0	1.7197e-07
363.2	1.7651e-07
363.4	1.8116e-07
363.6	1.8594e-07
363.8	1.9085e-07
364.0	1.9588e-07
364.2	2.0105e-07
364.4	2.0635e-07
364.6	2.1179e-07
364.8	2.1738e-07
365.0	2.2311e-07
365.2	1.7683e-07
365.4	1.4014e-07
365.6	1.1107e-07
365.8	8.8025e-08
366.0	6.9763e-08
366.2	5.529e-08
366.4	4.382e-08
366.6	3.4729e-08
366.8	2.7524e-08
367.0	2.4693e-08
367.2	2.818e-08
367.4	3.2159e-08
367.6	3.67e-08
367.8	4.1883e-08
368.0	4.7797e-08
368.2	5.4547e-08
368.4	6.225e-08
368.6	7.104e-08
368.8	8.1072e-08
369.0	9.2521e-08
369.2	1.0559e-07
369.4	1.205e-07
369.6	1.3751e-07
369.8	1.5693e-07
370.0	1.7909e-07
370.2	2.0438e-07
370.4	2.3324e-07
370.6	2.6618e-07
370.8	2.4941e-07
371.0	2.1766e-07
371.2	1.8996e-07
371.4	1.6578e-07
371.6	1.4467e-07
371.8	1.2626e-07
372.0	1.1019e-07
372.2	9.6161e-08
372.4	8.392e-08
372.6	7.3238e-08
372.8	6.3915e-08
373.0	5.5779e-08
373.2	4.8679e-08
373.4	4.2482e-08
373.6	3.7075e-08
373.8	3.2355e-08
374.0	2.8237e-08
374.2	2.4642e-08
374.4	2.1896e-08
374.6	2.1833e-08
374.8	2.1771e-08
375.0	2.1708e-08
375.2	2.1646e-08
375.4	2.1584e-08
375.6	2.1522e-08
375.8	2.146e-08
376.0	2.1399e-08
376.2	2.1338e-08
376.4	2.1277e-08
376.6	2.1216e-08
376.8	2.1155e-08
377.0	2.1094e-08
377.2	2.1034e-08
377.4	2.0973e-08
377.6	2.0913e-08
377.8	2.0853e-08
378.0	2.0794e-08
378.2	2.0717e-08
378.4	2.0627e-08
378.6	2.0536e-08
378.8	2.0447e-08
379.0	2.0357e-08
379.2	2.0268e-08
379.4	2.018e-08
379.6	2.0092e-08
379.8	2.0004e-08
380.0	1.9917e-08
380.2	1.983e-08
380.4	1.9743e-08
380.6	1.9657e-08
380.8	1.9571e-08
381.0	1.9485e-08
381.2	1.94e-08
381.4	1.9315e-08
381.6	1.9231e-08
381.8	1.9147e-08
382.0	1.9051e-08
382.2	1.8955e-08
382.4	1.8859e-08
382.6	1.8764e-08
382.8	1.8669e-08
383.0	1.8575e-08
383.2	1.8481e-08
383.4	1.8388e-08
383.6	1.8295e-08
383.8	1.8202e-08
384.0	1.811e-08
384.2	1.8019e-08
384.4	1.7928e-08
384.6	1.7838e-08
384.8	1.7747e-08
385.0	1.7658e-08
385.2	1.7569e-08
385.4	1.748e-08
385.6	1.739e-08
385.8	1.7297e-08
386.0	1.7205e-08
386.2	1.7113e-08
386.4	1.7022e-08
386.6	1.6931e-08
386.8	1.6841e-08
387.0	1.6751e-08
387.2	1.6662e-08
387.4	1.6573e-08
387.6	1.6484e-08
387.8	1.6396e-08
388.0	1.6309e-08
388.2	1.6222e-08
388.4	1.6135e-08
388.6	1.6049e-08
388.8	1.5964e-08
389.0	1.5879e-08
389.2	1.5794e-08
389.4	1.5572e-08
389.6	1.5323e-08
389.8	1.5077e-08
390.0	1.4835e-08
390.2	1.4597e-08
390.4	1.4363e-08
390.6	1.4132e-08
390.8	1.3905e-08
391.0	1.3682e-08
391.2	1.3463e-08
391.4	1.3247e-08
391.6	1.3034e-08
391.8	1.2825e-08
392.0	1.2619e-08
392.2	1.2481e-08
392.4	1.2344e-08
392.6	1.2209e-08
392.8	1.2076e-08
393.0	1.1945e-08
393.2	1.1818e-08
393.4	1.1692e-08
393.6	1.1567e-08
393.8	1.1444e-08
394.0	1.1322e-08
394.2	1.1202e-08
394.4	1.1082e-08
394.6	1.0964e-08
394.8	1.0847e-08
395.0	1.0732e-08
395.2	1.0617e-08
395.4	1.0504e-08
395.6	1.0392e-08
395.8	1.0281e-08
396.0	1.0172e-08
396.2	1.0064e-08
396.4	9.9563e-09
396.6	9.8502e-09
396.8	9.7592e-09
397.0	9.6696e-09
397.2	9.5808e-09
397.4	9.4928e-09
397.6	9.4056e-09
397.8	9.3192e-09
398.0	9.2336e-09
398.2	9.1488e-09
398.4	9.0648e-09
398.6	8.9815e-09
398.8	8.899e-09
399.0	8.8173e-09
399.2	8.7363e-09
399.4	8.6561e-09
399.6	8.5766e-09
399.8	8.4978e-09
400.0	8.4198e-09
400.2	8.3424e-09
400.4	8.2666e-09
400.6	8.1924e-09
400.8	8.1189e-09
401.0	8.0461e-09
401.2	7.9739e-09
401.4	7.9024e-09
401.6	7.8315e-09
401.8	7.7612e-09
402.0	7.6916e-09
402.2	7.6226e-09
402.4	7.5542e-09
402.6	7.4865e-09
402.8	7.4193e-09
403.0	7.3528e-09
403.2	7.2868e-09
403.4	7.2214e-09
403.6	7.1567e-09
403.8	7.0925e-09
404.0	7.0288e-09
404.2	7.3407e-09
404.4	7.7268e-09
404.6	8.1331e-09
404.8	8.5608e-09
405.0	9.0109e-09
405.2	9.4848e-09
405.4	9.9836e-09
405.6	1.0509e-08
405.8	1.1061e-08
406.0	1.1643e-08
406.2	1.2255e-08
406.4	1.29e-08
406.6	1.3578e-08
406.8	1.4292e-08
407.0	1.5043e-08
407.2	1.5834e-08
407.4	1.6667e-08
407.6	1.7544e-08
407.8	1.7969e-08
408.0	1.7457e-08
408.2	1.6958e-08
408.4	1.6474e-08
408.6	1.6004e-08
408.8	1.5547e-08
409.0	1.5104e-08
409.2	1.4673e-08
409.4	1.4254e-08
409.6	1.3847e-08
409.8	1.3452e-08
410.0	1.3068e-08
410.2	1.2695e-08
410.4	1.2333e-08
410.6	1.1981e-08
410.8	1.1639e-08
411.0	1.1307e-08
411.2	1.0984e-08
411.4	1.067e-08
411.6	1.0246e-08
411.8	9.8136e-09
412.0	9.399e-09
412.2	9.0019e-09
412.4	8.6216e-09
412.6	8.2573e-09
412.8	7.9085e-09
413.0	7.5744e-09
413.2	7.2544e-09
413.4	6.9479e-09
413.6	6.6544e-09
413.8	6.3732e-09
414.0	6.104e-09
414.2	5.8461e-09
414.4	5.5991e-09
414.6	5.3626e-09
414.8	5.136e-09
415.0	4.919e-09
415.2	4.8214e-09
415.4	4.9812e-09
415.6	5.1463e-09
415.8	5.317e-09
416.0	5.4932e-09
416.2	5.6753e-09
416.4	5.8635e-09
416.6	6.0579e-09
416.8	6.2587e-09
417.0	6.4662e-09
417.2	6.6805e-09
417.4	6.902e-09
417.6	7.1308e-09
417.8	7.3672e-09
418.0	7.6114e-09
418.2	7.8638e-09
418.4	8.1245e-09
418.6	8.3938e-09
418.8	8.6721e-09
419.0	8.3473e-09
419.2	7.8981e-09
419.4	7.473e-09
419.6	7.0709e-09
419.8	6.6904e-09
420.0	6.3303e-09
420.2	5.9897e-09
420.4	5.6673e-09
420.6	5.3623e-09
420.8	5.0738e-09
421.0	4.8007e-09
421.2	4.5424e-09
421.4	4.2979e-09
421.6	4.5956e-09
421.8	4.9525e-09
422.0	5.3371e-09
422.2	5.7515e-09
422.4	6.1981e-09
422.6	6.6793e-09
422.8	7.198e-09
423.0	7.7569e-09
423.2	8.3592e-09
423.4	9.0083e-09
423.6	9.7078e-09
423.8	1.0462e-08
424.0	1.1274e-08
424.2	1.2149e-08
424.4	1.3093e-08
424.6	1.4109e-08
424.8	1.5205e-08
425.0	1.616e-08
425.2	1.6438e-08
425.4	1.6721e-08
425.6	1.7008e-08
425.8	1.7301e-08
426.0	1.7598e-08
426.2	1.7901e-08
426.4	1.8209e-08
426.6	1.8522e-08
426.8	1.8841e-08
427.0	1.9165e-08
427.2	1.9494e-08
427.4	1.983e-08
427.6	2.0171e-08
427.8	2.0518e-08
428.0	2.087e-08
428.2	2.1229e-08
428.4	2.1595e-08
428.6	2.1966e-08
428.8	2.2344e-08
429.0	2.2728e-08
429.2	2.3119e-08
429.4	2.3516e-08
429.6	2.3921e-08
429.8	2.4332e-08
430.0	2.4378e-08
430.2	2.3277e-08
430.4	2.2225e-08
430.6	2.1221e-08
430.8	2.0263e-08
431.0	1.9348e-08
431.2	1.8474e-08
431.4	1.7639e-08
431.6	1.6843e-08
431.8	1.6082e-08
432.0	1.5355e-08
432.2	1.4662e-08
432.4	1.4e-08
432.6	1.3367e-08
432.8	1.2763e-08
433.0	1.2187e-08
433.2	1.1636e-08
433.4	1.1111e-08
433.6	1.0609e-08
433.8	1.013e-08
434.0	9.6723e-09
434.2	9.2354e-09
434.4	8.8182e-09
434.6	8.4199e-09
434.8	8.0396e-09
435.0	7.8227e-09
435.2	8.0937e-09
435.4	8.3742e-09
435.6	8.6643e-09
435.8	8.9645e-09
436.0	9.2752e-09
436.2	9.5965e-09
436.4	9.929e-09
436.6	1.0273e-08
436.8	1.0629e-08
437.0	1.0997e-08
437.2	1.1378e-08
437.4	1.1773e-08
437.6	1.2181e-08
437.8	1.2603e-08
438.0	1.3039e-08
438.2	1.3491e-08
438.4	1.3959e-08
438.6	1.4442e-08
438.8	1.4943e-08
439.0	1.546e-08
439.2	1.5996e-08
439.4	1.655e-08
439.6	1.7124e-08
439.8	1.7717e-08
440.0	1.7825e-08
440.2	1.6452e-08
440.4	1.5184e-08
440.6	1.4014e-08
440.8	1.2934e-08
441.0	1.1938e-08
441.2	1.1018e-08
441.4	1.0169e-08
441.6	9.3857e-09
441.8	8.6625e-09
442.0	7.9951e-09
442.2	7.3791e-09
442.4	6.8106e-09
442.6	6.2858e-09
442.8	5.8015e-09
443.0	5.3545e-09
443.2	4.942e-09
443.4	4.5612e-09
443.6	4.2098e-09
443.8	3.8854e-09
444.0	3.5861e-09
444.2	3.3098e-09
444.4	3.0548e-09
444.6	2.8194e-09
444.8	2.6022e-09
445.0	2.5056e-09
445.2	2.7396e-09
445.4	2.9955e-09
445.6	3.2752e-09
445.8	3.5811e-09
446.0	3.9155e-09
446.2	4.2812e-09
446.4	4.681e-09
446.6	5.1182e-09
446.8	5.5962e-09
447.0	6.1188e-09
447.2	6.6902e-09
447.4	7.315e-09
447.6	7.9982e-09
447.8	8.7451e-09
448.0	9.5618e-09
448.2	1.0455e-08
448.4	1.1431e-08
448.6	1.2499e-08
448.8	1.3666e-08
449.0	1.4942e-08
449.2	1.6338e-08
449.4	1.7863e-08
449.6	1.9532e-08
449.8	2.1356e-08
450.0	2.2272e-08
450.2	2.0232e-08
450.4	1.8378e-08
450.6	1.6694e-08
450.8	1.5165e-08
451.0	1.3775e-08
451.2	1.2513e-08
451.4	1.1367e-08
451.6	1.0325e-08
451.8	9.3792e-09
452.0	8.5199e-09
452.2	7.7393e-09
452.4	7.0302e-09
452.6	6.3861e-09
452.8	5.801e-09
453.0	5.2695e-09
453.2	4.7867e-09
453.4	4.3481e-09
453.6	3.9498e-09
453.8	3.5879e-09
454.0	3.2592e-09
454.2	2.9606e-09
454.4	2.6893e-09
454.6	2.4429e-09
454.8	2.2191e-09
455.0	2.0929e-09
455.2	2.1965e-09
455.4	2.3053e-09
455.6	2.4194e-09
455.8	2.5392e-09
456.0	2.6649e-09
456.2	2.7968e-09
456.4	2.9353e-09
456.6	3.0806e-09
456.8	3.2332e-09
457.0	3.3932e-09
457.2	3.5612e-09
457.4	3.7376e-09
457.6	3.9226e-09
457.8	4.1168e-09
458.0	4.3206e-09
458.2	4.5345e-09
458.4	4.7591e-09
458.6	4.9947e-09
458.8	5.242e-09
459.0	5.5015e-09
459.2	5.7739e-09
459.4	6.0597e-09
459.6	6.3597e-09
459.8	6.6746e-09
460.0	7.0622e-09
460.2	7.667e-09
460.4	8.3235e-09
460.6	9.0362e-09
460.8	9.81e-09
461.0	1.065e-08
461.2	1.1562e-08
461.4	1.2552e-08
461.6	1.3627e-08
461.8	1.4794e-08
462.0	1.6061e-08
462.2	1.7436e-08
462.4	1.8929e-08
462.6	2.055e-08
462.8	2.231e-08
463.0	2.422e-08
463.2	2.6294e-08
463.4	2.8546e-08
463.6	3.099e-08
463.8	3.3644e-08
464.0	3.6525e-08
464.2	3.9653e-08
464.4	4.3049e-08
464.6	4.6735e-08
464.8	5.0737e-08
465.0	5.4958e-08
465.2	5.9041e-08
465.4	6.3428e-08
465.6	6.8141e-08
465.8	7.3204e-08
466.0	7.8643e-08
466.2	8.4486e-08
466.4	9.0764e-08
466.6	9.7508e-08
466.8	1.0475e-07
467.0	1.1254e-07
467.2	1.209e-07
467.4	1.2988e-07
467.6	1.3953e-07
467.8	1.499e-07
468.0	1.6104e-07
468.2	1.73e-07
468.4	1.8586e-07
468.6	1.9967e-07
468.8	2.145e-07
469.0	2.3044e-07
469.2	2.4756e-07
469.4	2.6596e-07
469.6	2.8572e-07
469.8	3.0695e-07
470.0	3.2649e-07
470.2	3.3654e-07
470.4	3.4689e-07
470.6	3.5756e-07
470.8	3.6856e-07
471.0	3.799e-07
471.2	3.9159e-07
471.4	4.0364e-07
471.6	4.1606e-07
471.8	4.2886e-07
472.0	4.4205e-07
472.2	4.5565e-07
472.4	4.6967e-07
472.6	4.8412e-07
472.8	4.9901e-07
473.0	5.1436e-07
473.2	5.3018e-07
473.4	5.4649e-07
473.6	5.6331e-07
473.8	5.8064e-07
474.0	5.985e-07
474.2	6.1691e-07
474.4	6.3589e-07
474.6	6.5545e-07
474.8	6.7562e-07
475.0	6.9284e-07
475.2	7.002e-07
475.4	7.0763e-07
475.6	7.1514e-07
475.8	7.2274e-07
476.0	7.3041e-07
476.2	7.3816e-07
476.4	7.46e-07
476.6	7.5392e-07
476.8	7.6193e-07
477.0	7.7002e-07
477.2	7.7819e-07
477.4	7.8645e-07
477.6	7.948e-07
477.8	8.0324e-07
478.0	8.1177e-07
478.2	8.2039e-07
478.4	8.291e-07
478.6	7.5615e-07
478.8	6.4756e-07
479.0	5.5457e-07
479.2	4.7493e-07
479.4	4.0673e-07
479.6	3.4832e-07
479.8	2.983e-07
480.0	2.5546e-07
480.2	2.3598e-07
480.4	2.3478e-07
480.6	2.3358e-07
480.8	9.1101e-08
481.0	3.5028e-08
481.2	4.7626e-08
481.4	2.7171e-07
481.6	2.3405e-07
481.8	2.0161e-07
482.0	1.6645e-07
482.2	1.3147e-07
482.4	1.0385e-07
482.6	1.5201e-07
482.8	1.7544e-07
483.0	1.5823e-07
483.2	1.4271e-07
483.4	1.3361e-07
483.6	1.2514e-07
483.8	1.6272e-07
484.0	2.9953e-07
484.2	2.6323e-07
484.4	2.3133e-07
484.6	2.2992e-07
484.8	2.5845e-07
485.0	2.9052e-07
485.2	2.4941e-07
485.4	2.4202e-07
485.6	2.631e-07
485.8	2.8577e-07
486.0	2.8461e-07
486.2	2.8346e-07
486.4	2.4743e-07
486.6	1.8828e-07
486.8	2.139e-07
487.0	2.4349e-07
487.2	2.6015e-07
487.4	2.5915e-07
487.6	2.5815e-07
487.8	2.8109e-07
488.0	3.0016e-07
488.2	3.1318e-07
488.4	3.2675e-07
488.6	3.521e-07
488.8	3.796e-07
489.0	3.6318e-07
489.2	3.0328e-07
489.4	2.7161e-07
489.6	2.4325e-07
489.8	2.1817e-07
490.0	1.9596e-07
490.2	1.7602e-07
490.4	2.4825e-07
490.6	3.0619e-07
490.8	3.2532e-07
491.0	3.4566e-07
491.2	3.5774e-07
491.4	3.6996e-07
491.6	4.012e-07
491.8	4.6011e-07
492.0	4.947e-07
492.2	5.3189e-07
492.4	5.8445e-07
492.6	6.5661e-07
492.8	7.3767e-07
493.0	1.054e-06
493.2	1.5076e-06
493.4	2.145e-06
493.6	3.0519e-06
493.8	4.8962e-06
494.0	7.8895e-06
494.2	1.3733e-05
494.4	2.4892e-05
494.6	4.3246e-05
494.8	7.7006e-05
495.0	1.4322e-04
495.2	2.8336e-04
495.4	5.9169e-04
495.6	0.00164
495.8	0.00306
496.0	0.00633
496.2	0.01463
496.4	0.03635
496.6	0.09471
496.8	0.23925
497.0	0.62565
497.2	0.84417
497.4	0.92881
497.6	0.95087
497.8	0.95775
498.0	0.96211
498.2	0.96631
498.4	0.96995
498.6	0.97263
498.8	0.97388
499.0	0.97533
499.2	0.97631
499.4	0.977
499.6	0.97734
499.8	0.97775
500.0	0.97869
500.2	0.98027
500.4	0.98076
500.6	0.98152
500.8	0.98191
501.0	0.98138
501.2	0.97957
501.4	0.97722
501.6	0.97557
501.8	0.97334
502.0	0.97187
502.2	0.97093
502.4	0.97114
502.6	0.97173
502.8	0.97305
503.0	0.97442
503.2	0.97669
503.4	0.97854
503.6	0.97992
503.8	0.9802
504.0	0.98091
504.2	0.9811
504.4	0.98069
504.6	0.98009
504.8	0.97911
505.0	0.97833
505.2	0.97851
505.4	0.97839
505.6	0.97906
505.8	0.97958
506.0	0.9802
506.2	0.98127
506.4	0.98197
506.6	0.98296
506.8	0.9839
507.0	0.98356
507.2	0.98399
507.4	0.98395
507.6	0.98335
507.8	0.9832
508.0	0.98217
508.2	0.9823
508.4	0.98194
508.6	0.98175
508.8	0.9816
509.0	0.98246
509.2	0.98278
509.4	0.9834
509.6	0.98473
509.8	0.9855
510.0	0.98635
510.2	0.9871
510.4	0.98751
510.6	0.98797
510.8	0.98803
511.0	0.98758
511.2	0.98718
511.4	0.98672
511.6	0.98628
511.8	0.98615
512.0	0.98506
512.2	0.98524
512.4	0.9853
512.6	0.98544
512.8	0.98558
513.0	0.98614
513.2	0.98765
513.4	0.98878
513.6	0.98987
513.8	0.99109
514.0	0.99205
514.2	0.99261
514.4	0.99242
514.6	0.99229
514.8	0.99203
515.0	0.99145
515.2	0.99091
515.4	0.98888
515.6	0.98764
515.8	0.98642
516.0	0.98545
516.2	0.98385
516.4	0.98287
516.6	0.98204
516.8	0.98159
517.0	0.98175
517.2	0.98159
517.4	0.98204
517.6	0.98267
517.8	0.98407
518.0	0.98533
518.2	0.98648
518.4	0.98858
518.6	0.99001
518.8	0.99128
519.0	0.99219
519.2	0.99345
519.4	0.99339
519.6	0.99313
519.8	0.9938
520.0	0.99267
520.2	0.99148
520.4	0.99013
520.6	0.98858
520.8	0.98695
521.0	0.9857
521.2	0.98403
521.4	0.98233
521.6	0.98153
521.8	0.98024
522.0	0.97947
522.2	0.97963
522.4	0.9802
522.6	0.98109
522.8	0.98128
523.0	0.98318
523.2	0.98458
523.4	0.98635
523.6	0.98768
523.8	0.98956
524.0	0.99117
524.2	0.99186
524.4	0.99381
524.6	0.99398
524.8	0.99444
525.0	0.99448
525.2	0.99376
525.4	0.99363
525.6	0.99245
525.8	0.99115
526.0	0.98981
526.2	0.98827
526.4	0.98709
526.6	0.98637
526.8	0.98495
527.0	0.98368
527.2	0.98311
527.4	0.98264
527.6	0.98334
527.8	0.98286
528.0	0.98346
528.2	0.98385
528.4	0.98492
528.6	0.98542
528.8	0.98648
529.0	0.98737
529.2	0.98886
529.4	0.98928
529.6	0.98996
529.8	0.99077
530.0	0.99103
530.2	0.99077
530.4	0.9908
530.6	0.99058
530.8	0.98992
531.0	0.98963
531.2	0.98889
531.4	0.9881
531.6	0.98709
531.8	0.98648
532.0	0.98658
532.2	0.98564
532.4	0.98557
532.6	0.98543
532.8	0.98498
533.0	0.98518
533.2	0.98535
533.4	0.98438
533.6	0.98421
533.8	0.98488
534.0	0.98441
534.2	0.98474
534.4	0.98501
534.6	0.98526
534.8	0.985
535.0	0.98476
535.2	0.98448
535.4	0.98497
535.6	0.98497
535.8	0.98545
536.0	0.98596
536.2	0.98608
536.4	0.9867
536.6	0.9879
536.8	0.98844
537.0	0.98939
537.2	0.98978
537.4	0.99099
537.6	0.99133
537.8	0.99165
538.0	0.99222
538.2	0.99191
538.4	0.99205
538.6	0.99195
538.8	0.99153
539.0	0.99071
539.2	0.99025
539.4	0.98907
539.6	0.98794
539.8	0.98737
540.0	0.98591
540.2	0.98536
540.4	0.98491
540.6	0.98473
540.8	0.98464
541.0	0.98404
541.2	0.98485
541.4	0.98555
541.6	0.98593
541.8	0.98679
542.0	0.98712
542.2	0.98819
542.4	0.98821
542.6	0.9886
542.8	0.98822
543.0	0.987
543.2	0.9862
543.4	0.98609
543.6	0.98534
543.8	0.98443
544.0	0.98402
544.2	0.9841
544.4	0.98355
544.6	0.98304
544.8	0.98312
545.0	0.98406
545.2	0.98319
545.4	0.98335
545.6	0.98406
545.8	0.98362
546.0	0.98442
546.2	0.98267
546.4	0.98211
546.6	0.98098
546.8	0.97984
547.0	0.97883
547.2	0.97741
547.4	0.97686
547.6	0.97496
547.8	0.97484
548.0	0.97589
548.2	0.97604
548.4	0.97714
548.6	0.97666
548.8	0.97938
549.0	0.98049
549.2	0.98141
549.4	0.98188
549.6	0.98209
549.8	0.98234
550.0	0.98131
550.2	0.98168
550.4	0.98035
550.6	0.9822
550.8	0.98246
551.0	0.98121
551.2	0.98148
551.4	0.98051
551.6	0.97606
551.8	0.97145
552.0	0.96531
552.2	0.96118
552.4	0.95979
552.6	0.96435
552.8	0.96315
553.0	0.92386
553.2	0.80054
553.4	0.69925
553.6	0.46311
553.8	0.26428
554.0	0.13931
554.2	0.07266
554.4	0.03888
554.6	0.02146
554.8	0.01202
555.0	0.00692
555.2	0.0041
555.4	0.00251
555.6	0.00157
555.8	0.001
556.0	6.4698e-04
556.2	4.2284e-04
556.4	2.806e-04
556.6	1.891e-04
556.8	1.3111e-04
557.0	9.0398e-05
557.2	6.2976e-05
557.4	4.4248e-05
557.6	3.0986e-05
557.8	2.2641e-05
558.0	1.6666e-05
558.2	1.2252e-05
558.4	8.8469e-06
558.6	6.3323e-06
558.8	4.7529e-06
559.0	3.6455e-06
559.2	2.8651e-06
559.4	2.3363e-06
559.6	1.8671e-06
559.8	1.3541e-06
560.0	1.0831e-06
560.2	9.1429e-07
560.4	7.2971e-07
560.6	5.8775e-07
560.8	4.9721e-07
561.0	4.3949e-07
561.2	3.6717e-07
561.4	2.9293e-07
561.6	2.2434e-07
561.8	1.8134e-07
562.0	1.6923e-07
562.2	2.1559e-07
562.4	2.603e-07
562.6	1.4015e-07
562.8	1.6422e-07
563.0	1.6735e-07
563.2	1.5942e-07
563.4	1.4723e-07
563.6	1.4891e-07
563.8	1.4919e-07
564.0	1.3658e-07
564.2	1.1472e-07
564.4	7.414e-08
564.6	6.1899e-08
564.8	1.0552e-07
565.0	1.2461e-07
565.2	1.8236e-07
565.4	2.0546e-07
565.6	5.5437e-08
565.8	6.4431e-08
566.0	1.4427e-07
566.2	1.0339e-07
566.4	9.0589e-08
566.6	1.3889e-07
566.8	1.3523e-07
567.0	7.4184e-08
567.2	1.7797e-08
567.4	5.5315e-08
567.6	1.0955e-07
567.8	6.2974e-08
568.0	1.0476e-07
568.2	7.6057e-08
568.4	4.8224e-08
568.6	6.0459e-08
568.8	7.3466e-08
569.0	8.9273e-08
569.2	1.0848e-07
569.4	1.3182e-07
569.6	1.6018e-07
569.8	1.9464e-07
570.0	2.3465e-07
570.2	2.3379e-07
570.4	2.3293e-07
570.6	2.3208e-07
570.8	2.3123e-07
571.0	2.3038e-07
571.2	2.2953e-07
571.4	2.2869e-07
571.6	2.2785e-07
571.8	2.2701e-07
572.0	2.2618e-07
572.2	2.2535e-07
572.4	2.2452e-07
572.6	2.237e-07
572.8	2.2288e-07
573.0	2.2206e-07
573.2	2.2125e-07
573.4	2.2043e-07
573.6	2.1962e-07
573.8	2.1879e-07
574.0	2.1797e-07
574.2	2.1715e-07
574.4	2.1634e-07
574.6	2.1553e-07
574.8	2.1472e-07
575.0	2.1392e-07
575.2	2.1311e-07
575.4	2.1231e-07
575.6	2.1152e-07
575.8	2.1072e-07
576.0	2.0993e-07
576.2	2.0915e-07
576.4	2.0836e-07
576.6	2.0758e-07
576.8	2.068e-07
577.0	2.0603e-07
577.2	2.0525e-07
577.4	2.0448e-07
577.6	2.0372e-07
577.8	2.0295e-07
578.0	2.0219e-07
578.2	2.0143e-07
578.4	2.0068e-07
578.6	1.992e-07
578.8	1.9774e-07
579.0	1.9628e-07
579.2	1.9483e-07
579.4	1.934e-07
579.6	1.9197e-07
579.8	1.9056e-07
580.0	1.8916e-07
580.2	1.8776e-07
580.4	1.8638e-07
580.6	1.8501e-07
580.8	1.8364e-07
581.0	1.8229e-07
581.2	1.8095e-07
581.4	1.7961e-07
581.6	1.7829e-07
581.8	1.7698e-07
582.0	1.7567e-07
582.2	1.7438e-07
582.4	1.7309e-07
582.6	1.7182e-07
582.8	1.7055e-07
583.0	1.693e-07
583.2	1.6805e-07
583.4	1.6726e-07
583.6	1.6694e-07
583.8	1.6662e-07
584.0	1.663e-07
584.2	1.6597e-07
584.4	1.6565e-07
584.6	1.6533e-07
584.8	1.6501e-07
585.0	1.647e-07
585.2	1.6438e-07
585.4	1.6406e-07
585.6	1.6374e-07
585.8	1.6343e-07
586.0	1.6311e-07
586.2	1.628e-07
586.4	1.6248e-07
586.6	1.6217e-07
586.8	1.6185e-07
587.0	1.6154e-07
587.2	1.6123e-07
587.4	1.6092e-07
587.6	1.6061e-07
587.8	1.603e-07
588.0	1.5999e-07
588.2	1.5968e-07
588.4	1.6012e-07
588.6	1.6057e-07
588.8	1.6102e-07
589.0	1.6147e-07
589.2	1.6192e-07
589.4	1.6238e-07
589.6	1.6283e-07
589.8	1.6329e-07
590.0	1.6374e-07
590.2	1.642e-07
590.4	1.6466e-07
590.6	1.6512e-07
590.8	1.6558e-07
591.0	1.6604e-07
591.2	1.6651e-07
591.4	1.6697e-07
591.6	1.6744e-07
591.8	1.6791e-07
592.0	1.6838e-07
592.2	1.6885e-07
592.4	1.6932e-07
592.6	1.698e-07
592.8	1.7027e-07
593.0	1.7075e-07
593.2	1.706e-07
593.4	1.6987e-07
593.6	1.6913e-07
593.8	1.684e-07
594.0	1.6767e-07
594.2	1.6695e-07
594.4	1.6623e-07
594.6	1.6551e-07
594.8	1.6479e-07
595.0	1.6408e-07
595.2	1.6337e-07
595.4	1.6266e-07
595.6	1.6196e-07
595.8	1.6126e-07
596.0	1.6056e-07
596.2	1.5987e-07
596.4	1.5918e-07
596.6	1.5849e-07
596.8	1.578e-07
597.0	1.5712e-07
597.2	1.5644e-07
597.4	1.5577e-07
597.6	1.5509e-07
597.8	1.5442e-07
598.0	1.5376e-07
598.2	1.5391e-07
598.4	1.5405e-07
598.6	1.542e-07
598.8	1.5435e-07
599.0	1.545e-07
599.2	1.5464e-07
599.4	1.5479e-07
599.6	1.5494e-07
599.8	1.5508e-07
600.0	1.5523e-07
600.2	1.5538e-07
600.4	1.5553e-07
600.6	1.5568e-07
600.8	1.5582e-07
601.0	1.5597e-07
601.2	1.5612e-07
601.4	1.5627e-07
601.6	1.5642e-07
601.8	1.5657e-07
602.0	1.5672e-07
602.2	1.5687e-07
602.4	1.5701e-07
602.6	1.5716e-07
602.8	1.5731e-07
603.0	1.569e-07
603.2	1.5594e-07
603.4	1.5499e-07
603.6	1.5404e-07
603.8	1.531e-07
604.0	1.5217e-07
604.2	1.5124e-07
604.4	1.5032e-07
604.6	1.494e-07
604.8	1.4849e-07
605.0	1.4758e-07
605.2	1.4668e-07
605.4	1.4578e-07
605.6	1.4489e-07
605.8	1.4401e-07
606.0	1.4313e-07
606.2	1.4226e-07
606.4	1.4139e-07
606.6	1.4053e-07
606.8	1.3967e-07
607.0	1.3882e-07
607.2	1.3797e-07
607.4	1.3713e-07
607.6	1.3629e-07
607.8	1.3546e-07
608.0	1.3498e-07
608.2	1.3451e-07
608.4	1.3403e-07
608.6	1.3356e-07
608.8	1.3309e-07
609.0	1.3262e-07
609.2	1.3215e-07
609.4	1.3169e-07
609.6	1.3123e-07
609.8	1.3076e-07
610.0	1.303e-07
610.2	1.2984e-07
610.4	1.2939e-07
610.6	1.2893e-07
610.8	1.2848e-07
611.0	1.2802e-07
611.2	1.2757e-07
611.4	1.2712e-07
611.6	1.2668e-07
611.8	1.2623e-07
612.0	1.2579e-07
612.2	1.2534e-07
612.4	1.249e-07
612.6	1.2446e-07
612.8	1.242e-07
613.0	1.2414e-07
613.2	1.2408e-07
613.4	1.2401e-07
613.6	1.2395e-07
613.8	1.2389e-07
614.0	1.2382e-07
614.2	1.2376e-07
614.4	1.237e-07
614.6	1.2363e-07
614.8	1.2357e-07
615.0	1.2351e-07
615.2	1.2344e-07
615.4	1.2338e-07
615.6	1.2332e-07
615.8	1.2325e-07
616.0	1.2319e-07
616.2	1.2313e-07
616.4	1.2306e-07
616.6	1.23e-07
616.8	1.2294e-07
617.0	1.2287e-07
617.2	1.2281e-07
617.4	1.2275e-07
617.6	1.2268e-07
617.8	1.2321e-07
618.0	1.2375e-07
618.2	1.243e-07
618.4	1.2485e-07
618.6	1.254e-07
618.8	1.2595e-07
619.0	1.2651e-07
619.2	1.2707e-07
619.4	1.2763e-07
619.6	1.2819e-07
619.8	1.2876e-07
620.0	1.2932e-07
620.2	1.2989e-07
620.4	1.3047e-07
620.6	1.3104e-07
620.8	1.3162e-07
621.0	1.322e-07
621.2	1.3279e-07
621.4	1.3337e-07
621.6	1.3396e-07
621.8	1.3455e-07
622.0	1.3514e-07
622.2	1.3574e-07
622.4	1.3591e-07
622.6	1.3452e-07
622.8	1.3314e-07
623.0	1.3178e-07
623.2	1.3043e-07
623.4	1.291e-07
623.6	1.2778e-07
623.8	1.2647e-07
624.0	1.2518e-07
624.2	1.239e-07
624.4	1.2263e-07
624.6	1.2138e-07
624.8	1.2014e-07
625.0	1.1891e-07
625.2	1.1769e-07
625.4	1.1649e-07
625.6	1.153e-07
625.8	1.1412e-07
626.0	1.1424e-07
626.2	1.1485e-07
626.4	1.1546e-07
626.6	1.1607e-07
626.8	1.1669e-07
627.0	1.1731e-07
627.2	1.1793e-07
627.4	1.1856e-07
627.6	1.1919e-07
627.8	1.1983e-07
628.0	1.2047e-07
628.2	1.2111e-07
628.4	1.2175e-07
628.6	1.224e-07
628.8	1.2305e-07
629.0	1.2371e-07
629.2	1.2437e-07
629.4	1.4544e-07
629.6	1.7035e-07
629.8	1.9952e-07
630.0	2.3369e-07
630.2	2.7371e-07
630.4	3.2059e-07
630.6	3.7549e-07
630.8	4.3979e-07
631.0	4.6513e-07
631.2	4.6085e-07
631.4	4.5661e-07
631.6	4.5241e-07
631.8	4.4825e-07
632.0	4.4413e-07
632.2	4.4004e-07
632.4	4.3599e-07
632.6	4.3198e-07
632.8	4.2801e-07
633.0	4.2407e-07
633.2	4.2017e-07
633.4	4.163e-07
633.6	4.1247e-07
633.8	4.0868e-07
634.0	4.0492e-07
634.2	4.0119e-07
634.4	3.975e-07
634.6	3.9504e-07
634.8	3.9556e-07
635.0	3.9609e-07
635.2	3.9662e-07
635.4	3.9715e-07
635.6	3.9768e-07
635.8	3.9822e-07
636.0	3.9875e-07
636.2	3.9928e-07
636.4	3.9982e-07
636.6	4.0035e-07
636.8	4.0089e-07
637.0	4.0142e-07
637.2	4.0196e-07
637.4	4.025e-07
637.6	4.0303e-07
637.8	4.0357e-07
638.0	4.0411e-07
638.2	4.0465e-07
638.4	4.0079e-07
638.6	3.9683e-07
638.8	3.9291e-07
639.0	3.8903e-07
639.2	3.8519e-07
639.4	3.8139e-07
639.6	3.7762e-07
639.8	3.7389e-07
640.0	3.702e-07
640.2	3.6654e-07
640.4	3.6292e-07
640.6	3.5934e-07
640.8	3.5579e-07
641.0	3.5228e-07
641.2	3.488e-07
641.4	3.4535e-07
641.6	3.4194e-07
641.8	3.3857e-07
642.0	3.3618e-07
642.2	3.343e-07
642.4	3.3243e-07
642.6	3.3057e-07
642.8	3.2872e-07
643.0	3.2688e-07
643.2	3.2505e-07
643.4	3.2322e-07
643.6	3.2141e-07
643.8	3.1961e-07
644.0	3.1782e-07
644.2	3.1605e-07
644.4	3.1428e-07
644.6	3.1252e-07
644.8	3.1077e-07
645.0	3.0902e-07
645.2	3.0729e-07
645.4	3.0557e-07
645.6	3.038e-07
645.8	3.0194e-07
646.0	3.0008e-07
646.2	2.9824e-07
646.4	2.9641e-07
646.6	2.9459e-07
646.8	2.9279e-07
647.0	2.9099e-07
647.2	2.892e-07
647.4	2.8743e-07
647.6	2.8567e-07
647.8	2.8391e-07
648.0	2.8217e-07
648.2	2.8044e-07
648.4	2.7872e-07
648.6	2.7701e-07
648.8	2.7531e-07
649.0	2.7362e-07
649.2	2.7192e-07
649.4	2.6995e-07
649.6	2.6801e-07
649.8	2.6607e-07
650.0	2.6415e-07
650.2	2.6225e-07
650.4	2.6036e-07
650.6	2.5848e-07
650.8	2.5662e-07
651.0	2.5476e-07
651.2	2.5293e-07
651.4	2.511e-07
651.6	2.4929e-07
651.8	2.4749e-07
652.0	2.4571e-07
652.2	2.4394e-07
652.4	2.4218e-07
652.6	2.4043e-07
652.8	2.387e-07
653.0	2.3986e-07
653.2	2.4172e-07
653.4	2.4359e-07
653.6	2.4547e-07
653.8	2.4737e-07
654.0	2.4929e-07
654.2	2.5122e-07
654.4	2.5316e-07
654.6	2.5512e-07
654.8	2.571e-07
655.0	2.5909e-07
655.2	2.6109e-07
655.4	2.6311e-07
655.6	2.6515e-07
655.8	2.672e-07
656.0	2.6927e-07
656.2	2.7135e-07
656.4	2.7345e-07
656.6	2.7157e-07
656.8	2.6643e-07
657.0	2.6139e-07
657.2	2.5644e-07
657.4	2.5158e-07
657.6	2.4682e-07
657.8	2.4215e-07
658.0	2.3757e-07
658.2	2.3307e-07
658.4	2.2866e-07
658.6	2.2433e-07
658.8	2.2008e-07
659.0	2.1592e-07
659.2	2.1183e-07
659.4	2.0782e-07
659.6	2.0388e-07
659.8	2.0003e-07
660.0	1.9624e-07
660.2	1.938e-07
660.4	1.9452e-07
660.6	1.9525e-07
660.8	1.9597e-07
661.0	1.967e-07
661.2	1.9743e-07
661.4	1.9817e-07
661.6	1.9891e-07
661.8	1.9965e-07
662.0	2.0039e-07
662.2	2.0113e-07
662.4	2.0188e-07
662.6	2.0263e-07
662.8	2.0339e-07
663.0	2.0414e-07
663.2	2.049e-07
663.4	2.0567e-07
663.6	2.0643e-07
663.8	2.071e-07
664.0	2.058e-07
664.2	2.0452e-07
664.4	2.0324e-07
664.6	2.0198e-07
664.8	2.0072e-07
665.0	1.9946e-07
665.2	1.9822e-07
665.4	1.9698e-07
665.6	1.9575e-07
665.8	1.9453e-07
666.0	1.9332e-07
666.2	1.9211e-07
666.4	1.9091e-07
666.6	1.8972e-07
666.8	1.8854e-07
667.0	1.8736e-07
667.2	1.8619e-07
667.4	1.8503e-07
667.6	1.8704e-07
667.8	1.8981e-07
668.0	1.9262e-07
668.2	1.9548e-07
668.4	1.9837e-07
668.6	2.0131e-07
668.8	2.0429e-07
669.0	2.0731e-07
669.2	2.1038e-07
669.4	2.135e-07
669.6	2.1666e-07
669.8	2.1987e-07
670.0	2.2312e-07
670.2	2.2643e-07
670.4	2.2978e-07
670.6	2.3318e-07
670.8	2.3663e-07
671.0	2.4014e-07
671.2	2.3353e-07
671.4	2.2049e-07
671.6	2.0818e-07
671.8	1.9655e-07
672.0	1.8557e-07
672.2	1.7521e-07
672.4	1.6542e-07
672.6	1.5618e-07
672.8	1.4746e-07
673.0	1.3922e-07
673.2	2.7052e-08
673.4	2.6996e-08
673.6	4.2862e-08
673.8	8.6098e-08
674.0	3.3347e-08
674.2	4.9936e-08
674.4	9.5191e-08
674.6	4.0499e-08
674.8	5.4281e-08
675.0	2.6924e-08
675.2	1.1433e-07
675.4	2.6869e-08
675.6	2.6826e-08
675.8	2.6825e-08
676.0	2.6837e-08
676.2	9.4033e-08
676.4	2.6838e-08
676.6	2.6801e-08
676.8	2.6846e-08
677.0	2.6868e-08
677.2	2.6847e-08
677.4	2.6883e-08
677.6	3.3433e-08
677.8	3.7682e-08
678.0	2.6949e-08
678.2	1.1901e-07
678.4	7.0945e-08
678.6	2.6965e-08
678.8	2.6938e-08
679.0	5.9856e-08
679.2	2.9074e-08
679.4	6.9823e-08
679.6	4.2634e-08
679.8	1.0777e-07
680.0	1.0779e-07
680.2	1.3283e-07
680.4	4.8664e-08
680.6	2.6872e-08
680.8	3.932e-08
681.0	3.2056e-08
681.2	1.2492e-07
681.4	3.5439e-08
681.6	8.5986e-08
681.8	6.665e-08
682.0	9.1573e-08
682.2	2.8115e-08
682.4	1.0329e-07
682.6	3.4955e-08
682.8	5.4171e-08
683.0	3.1701e-08
683.2	5.3217e-08
683.4	2.7046e-08
683.6	2.7071e-08
683.8	2.7135e-08
684.0	2.7155e-08
684.2	2.7156e-08
684.4	2.7184e-08
684.6	4.2001e-08
684.8	8.1421e-08
685.0	8.1569e-08
685.2	2.7471e-08
685.4	1.1166e-07
685.6	5.2974e-08
685.8	5.0671e-08
686.0	2.723e-08
686.2	2.7242e-08
686.4	2.7269e-08
686.6	4.95e-08
686.8	4.5612e-08
687.0	8.7325e-08
687.2	5.538e-08
687.4	6.2892e-08
687.6	2.7378e-08
687.8	2.7367e-08
688.0	8.9504e-08
688.2	1.5445e-07
688.4	4.5677e-08
688.6	2.7349e-08
688.8	2.7359e-08
689.0	1.1162e-07
689.2	2.077e-07
689.4	1.2275e-07
689.6	9.6856e-08
689.8	8.8339e-08
690.0	5.9221e-08
690.2	1.3879e-07
690.4	3.3868e-08
690.6	1.0357e-07
690.8	4.8743e-08
691.0	7.4947e-08
691.2	8.5533e-08
691.4	7.0999e-08
691.6	2.7679e-08
691.8	2.7705e-08
692.0	7.7148e-08
692.2	2.7644e-08
692.4	5.6541e-08
692.6	7.0874e-08
692.8	9.3056e-08
693.0	2.9655e-08
693.2	1.4942e-07
693.4	1.0484e-07
693.6	2.7827e-08
693.8	6.4929e-08
694.0	2.8673e-08
694.2	1.5359e-07
694.4	3.6513e-08
694.6	8.4356e-08
694.8	3.7271e-08
695.0	1.4036e-07
695.2	2.8135e-08
695.4	4.9712e-08
695.6	4.8033e-08
695.8	1.2323e-07
696.0	2.9425e-08
696.2	8.1638e-08
696.4	2.8305e-08
696.6	7.98e-08
696.8	3.5985e-08
697.0	7.9841e-08
697.2	3.7692e-08
697.4	7.0599e-08
697.6	1.3134e-07
697.8	3.6345e-08
698.0	2.8403e-08
698.2	4.933e-08
698.4	7.6681e-08
698.6	2.8513e-08
698.8	1.2231e-07
699.0	1.1459e-07
699.2	7.4111e-08
699.4	6.5771e-08
699.6	1.6293e-07
699.8	3.2513e-08
700.0	3.7456e-08
700.2	1.3035e-07
700.4	3.9153e-08
700.6	1.2398e-07
700.8	3.114e-08
701.0	1.3166e-07
701.2	9.5831e-08
701.4	1.5866e-07
701.6	4.3777e-08
701.8	2.8698e-08
702.0	1.0831e-07
702.2	7.3005e-08
702.4	3.7622e-08
702.6	1.0617e-07
702.8	1.9147e-07
703.0	2.8648e-08
703.2	5.7475e-08
703.4	1.429e-07
703.6	3.6605e-08
703.8	2.1763e-07
704.0	6.4729e-08
704.2	4.7889e-08
704.4	4.1002e-08
704.6	2.8629e-08
704.8	6.0635e-08
705.0	7.5911e-08
705.2	2.8631e-08
705.4	8.9147e-08
705.6	3.2896e-08
705.8	2.8724e-08
706.0	5.1719e-08
706.2	1.875e-07
706.4	4.7509e-08
706.6	1.8032e-07
706.8	1.9558e-07
707.0	1.7195e-07
707.2	6.192e-08
707.4	1.1526e-07
707.6	1.4377e-07
707.8	7.0763e-08
708.0	2.2609e-07
708.2	3.439e-07
708.4	3.2092e-07
708.6	2.88e-07
708.8	3.7241e-07
709.0	4.2876e-07
709.2	3.7554e-07
709.4	3.3962e-07
709.6	5.498e-07
709.8	6.3886e-07
710.0	7.6147e-07
710.2	9.6911e-07
710.4	9.8332e-07
710.6	1.3692e-06
710.8	1.3289e-06
711.0	1.8562e-06
711.2	2.4757e-06
711.4	2.9388e-06
711.6	3.8474e-06
711.8	4.6753e-06
712.0	5.3832e-06
712.2	6.2112e-06
712.4	6.435e-06
712.6	6.0929e-06
712.8	5.4778e-06
713.0	4.8992e-06
713.2	4.1641e-06
713.4	3.7642e-06
713.6	3.1334e-06
713.8	2.7744e-06
714.0	2.475e-06
714.2	2.3034e-06
714.4	1.8418e-06
714.6	2.0047e-06
714.8	2.0179e-06
715.0	1.7763e-06
715.2	1.7482e-06
715.4	1.524e-06
715.6	1.519e-06
715.8	1.5284e-06
716.0	1.577e-06
716.2	1.5321e-06
716.4	1.3106e-06
716.6	1.5719e-06
716.8	1.5768e-06
717.0	1.4748e-06
717.2	1.3347e-06
717.4	1.5662e-06
717.6	1.5694e-06
717.8	1.5744e-06
718.0	1.8123e-06
718.2	1.7317e-06
718.4	1.5918e-06
718.6	1.6058e-06
718.8	1.8735e-06
719.0	2.0538e-06
719.2	2.2243e-06
719.4	2.1299e-06
719.6	2.2326e-06
719.8	2.4147e-06
720.0	2.6146e-06
720.2	2.8769e-06
720.4	3.2774e-06
720.6	3.6086e-06
720.8	3.9745e-06
721.0	4.6064e-06
721.2	5.0226e-06
721.4	5.6507e-06
721.6	6.2842e-06
721.8	7.2708e-06
722.0	8.2769e-06
722.2	1.0067e-05
722.4	1.1588e-05
722.6	1.4187e-05
722.8	1.6839e-05
723.0	2.1715e-05
723.2	2.8556e-05
723.4	3.7679e-05
723.6	5.3182e-05
723.8	7.7102e-05
724.0	1.2239e-04
724.2	2.1503e-04
724.4	4.3957e-04
724.6	9.5165e-04
724.8	0.00153
725.0	0.00121
725.2	6.2612e-04
725.4	3.2291e-04
725.6	1.9328e-04
725.8	1.3076e-04
726.0	9.7239e-05
726.2	7.4528e-05
726.4	6.0803e-05
726.6	5.1101e-05
726.8	4.3091e-05
727.0	3.8032e-05
727.2	3.3798e-05
727.4	3.1294e-05
727.6	2.8099e-05
727.8	2.6536e-05
728.0	2.4533e-05
728.2	2.3576e-05
728.4	2.2764e-05
728.6	2.1383e-05
728.8	2.1238e-05
729.0	2.1551e-05
729.2	2.0945e-05
729.4	2.0637e-05
729.6	2.1588e-05
729.8	2.18e-05
730.0	2.2625e-05
730.2	2.266e-05
730.4	2.4056e-05
730.6	2.4507e-05
730.8	2.6124e-05
731.0	2.7435e-05
731.2	2.94e-05
731.4	3.2339e-05
731.6	3.5151e-05
731.8	3.7008e-05
732.0	4.0608e-05
732.2	4.5362e-05
732.4	5.1871e-05
732.6	5.693e-05
732.8	6.5479e-05
733.0	7.6806e-05
733.2	8.8987e-05
733.4	1.0572e-04
733.6	1.2597e-04
733.8	1.5412e-04
734.0	1.8647e-04
734.2	2.2665e-04
734.4	2.7458e-04
734.6	3.2237e-04
734.8	3.6297e-04
735.0	3.8365e-04
735.2	3.7602e-04
735.4	3.4249e-04
735.6	2.9951e-04
735.8	2.5407e-04
736.0	2.1246e-04
736.2	1.7825e-04
736.4	1.5019e-04
736.6	1.2775e-04
736.8	1.0881e-04
737.0	9.4716e-05
737.2	8.3813e-05
737.4	7.372e-05
737.6	6.605e-05
737.8	5.9394e-05
738.0	5.4751e-05
738.2	5.1663e-05
738.4	4.7806e-05
738.6	4.4269e-05
738.8	4.1623e-05
739.0	3.9665e-05
739.2	3.8136e-05
739.4	3.5436e-05
739.6	3.4464e-05
739.8	3.319e-05
740.0	3.1929e-05
740.2	3.1779e-05
740.4	3.0265e-05
740.6	3.0001e-05
740.8	3.0285e-05
741.0	2.8493e-05
741.2	2.9725e-05
741.4	2.9551e-05
741.6	2.886e-05
741.8	2.8769e-05
742.0	2.9982e-05
742.2	2.9639e-05
742.4	3.0034e-05
742.6	3.0849e-05
742.8	3.1715e-05
743.0	3.2667e-05
743.2	3.324e-05
743.4	3.307e-05
743.6	3.4707e-05
743.8	3.7558e-05
744.0	3.7785e-05
744.2	4.1152e-05
744.4	4.3382e-05
744.6	4.4418e-05
744.8	4.7136e-05
745.0	5.1271e-05
745.2	5.4658e-05
745.4	5.8337e-05
745.6	6.2391e-05
745.8	6.6161e-05
746.0	7.3025e-05
746.2	7.8841e-05
746.4	8.6747e-05
746.6	9.6062e-05
746.8	1.0515e-04
747.0	1.1735e-04
747.2	1.3085e-04
747.4	1.4874e-04
747.6	1.6534e-04
747.8	1.893e-04
748.0	2.1406e-04
748.2	2.4423e-04
748.4	2.8004e-04
748.6	3.241e-04
748.8	3.6923e-04
749.0	4.2596e-04
749.2	4.8535e-04
749.4	5.4542e-04
749.6	6.1356e-04
749.8	6.7247e-04
750.0	7.2347e-04
750.2	7.5913e-04
750.4	7.648e-04
750.6	7.6125e-04
750.8	7.3428e-04
751.0	7.0028e-04
751.2	6.5712e-04
751.4	6.1495e-04
751.6	5.6887e-04
751.8	5.2536e-04
752.0	4.8948e-04
752.2	4.5278e-04
752.4	4.2376e-04
752.6	3.9326e-04
752.8	3.7614e-04
753.0	3.5489e-04
753.2	3.3929e-04
753.4	3.2217e-04
753.6	3.1161e-04
753.8	2.9766e-04
754.0	2.92e-04
754.2	2.8413e-04
754.4	2.8087e-04
754.6	2.7668e-04
754.8	2.7441e-04
755.0	2.7115e-04
755.2	2.6787e-04
755.4	2.7208e-04
755.6	2.6966e-04
755.8	2.7634e-04
756.0	2.7764e-04
756.2	2.842e-04
756.4	2.8883e-04
756.6	2.9632e-04
756.8	3.0257e-04
757.0	3.1178e-04
757.2	3.2165e-04
757.4	3.3339e-04
757.6	3.4527e-04
757.8	3.581e-04
758.0	3.7359e-04
758.2	3.8929e-04
758.4	4.0615e-04
758.6	4.213e-04
758.8	4.412e-04
759.0	4.557e-04
759.2	4.7849e-04
759.4	4.9769e-04
759.6	5.1475e-04
759.8	5.3321e-04
760.0	5.5053e-04
760.2	5.6543e-04
760.4	5.7466e-04
760.6	5.8301e-04
760.8	5.8966e-04
761.0	5.9479e-04
761.2	5.996e-04
761.4	5.991e-04
761.6	5.9577e-04
761.8	5.9378e-04
762.0	5.8701e-04
762.2	5.7672e-04
762.4	5.6807e-04
762.6	5.5805e-04
762.8	5.4447e-04
763.0	5.3212e-04
763.2	5.2304e-04
763.4	5.1355e-04
763.6	5.0553e-04
763.8	4.9815e-04
764.0	4.8521e-04
764.2	4.8515e-04
764.4	4.7544e-04
764.6	4.6966e-04
764.8	4.6902e-04
765.0	4.6368e-04
765.2	4.6658e-04
765.4	4.6792e-04
765.6	4.6998e-04
765.8	4.7278e-04
766.0	4.7693e-04
766.2	4.8702e-04
766.4	4.9371e-04
766.6	5.0633e-04
766.8	5.2006e-04
767.0	5.372e-04
767.2	5.5718e-04
767.4	5.7557e-04
767.6	5.9982e-04
767.8	6.2509e-04
768.0	6.5466e-04
768.2	6.9237e-04
768.4	7.2993e-04
768.6	7.7454e-04
768.8	8.2717e-04
769.0	8.8096e-04
769.2	9.3263e-04
769.4	9.9312e-04
769.6	0.00106
769.8	0.00112
770.0	0.00117
770.2	0.00122
770.4	0.00126
770.6	0.00127
770.8	0.00127
771.0	0.00125
771.2	0.00121
771.4	0.00115
771.6	0.00108
771.8	9.9853e-04
772.0	9.137e-04
772.2	8.2679e-04
772.4	7.485e-04
772.6	6.7318e-04
772.8	6.0926e-04
773.0	5.468e-04
773.2	4.9348e-04
773.4	4.4622e-04
773.6	4.0665e-04
773.8	3.6896e-04
774.0	3.3467e-04
774.2	3.0592e-04
774.4	2.8091e-04
774.6	2.581e-04
774.8	2.3732e-04
775.0	2.2122e-04
775.2	2.0493e-04
775.4	1.908e-04
775.6	1.7831e-04
775.8	1.6813e-04
776.0	1.5764e-04
776.2	1.4952e-04
776.4	1.4043e-04
776.6	1.3322e-04
776.8	1.2604e-04
777.0	1.2123e-04
777.2	1.1549e-04
777.4	1.1024e-04
777.6	1.0582e-04
777.8	1.0197e-04
778.0	9.9124e-05
778.2	9.6009e-05
778.4	9.2174e-05
778.6	9.0676e-05
778.8	8.7302e-05
779.0	8.583e-05
779.2	8.13e-05
779.4	8.0904e-05
779.6	8.0948e-05
779.8	7.815e-05
780.0	7.7738e-05
780.2	7.6305e-05
780.4	7.5408e-05
780.6	7.4208e-05
780.8	7.4006e-05
781.0	7.4098e-05
781.2	7.1471e-05
781.4	7.313e-05
781.6	7.3316e-05
781.8	7.5124e-05
782.0	7.2512e-05
782.2	7.2955e-05
782.4	7.2867e-05
782.6	7.3596e-05
782.8	7.2892e-05
783.0	7.5642e-05
783.2	7.5716e-05
783.4	7.6904e-05
783.6	7.5911e-05
783.8	7.8866e-05
784.0	7.9835e-05
784.2	8.0585e-05
784.4	8.3517e-05
784.6	8.4303e-05
784.8	8.7218e-05
785.0	8.8644e-05
785.2	8.9949e-05
785.4	9.5457e-05
785.6	9.843e-05
785.8	9.84e-05
786.0	1.0355e-04
786.2	1.0655e-04
786.4	1.1088e-04
786.6	1.1277e-04
786.8	1.2011e-04
787.0	1.2461e-04
787.2	1.3058e-04
787.4	1.3524e-04
787.6	1.4284e-04
787.8	1.4901e-04
788.0	1.566e-04
788.2	1.6628e-04
788.4	1.7553e-04
788.6	1.8684e-04
788.8	1.9643e-04
789.0	2.0925e-04
789.2	2.1978e-04
789.4	2.3445e-04
789.6	2.5204e-04
789.8	2.6951e-04
790.0	2.9097e-04
790.2	3.1581e-04
790.4	3.3502e-04
790.6	3.6419e-04
790.8	3.9398e-04
791.0	4.2509e-04
791.2	4.6524e-04
791.4	5.0156e-04
791.6	5.5213e-04
791.8	6.065e-04
792.0	6.662e-04
792.2	7.3138e-04
792.4	8.0619e-04
792.6	8.9615e-04
792.8	9.9375e-04
793.0	0.0011
793.2	0.00123
793.4	0.00136
793.6	0.00151
793.8	0.00168
794.0	0.00187
794.2	0.00208
794.4	0.0023
794.6	0.00254
794.8	0.00281
795.0	0.00343
795.2	0.00368
795.4	0.00393
795.6	0.00416
795.8	0.00434
796.0	0.00447
796.2	0.00455
796.4	0.00459
796.6	0.00461
796.8	0.00454
797.0	0.00444
797.2	0.00433
797.4	0.00419
797.6	0.00406
797.8	0.00388
798.0	0.0037
798.2	0.00353
798.4	0.00338
798.6	0.0032
798.8	0.00303
799.0	0.00287
799.2	0.00271
799.4	0.00256
799.6	0.00242
799.8	0.00229
800.0	0.00215
800.2	0.00202
800.4	0.0019
800.6	0.00179
800.8	0.00169
801.0	0.00159
801.2	0.00149
801.4	0.0014
801.6	0.00132
801.8	0.00124
802.0	0.00117
802.2	0.0011
802.4	0.00104
802.6	9.7282e-04
802.8	9.1842e-04
803.0	9.0937e-04
803.2	9.0683e-04
803.4	8.5649e-04
803.6	8.0416e-04
803.8	7.6503e-04
804.0	7.1438e-04
804.2	6.783e-04
804.4	6.3848e-04
804.6	6.0871e-04
804.8	5.7566e-04
805.0	5.4741e-04
805.2	5.1709e-04
805.4	4.9028e-04
805.6	4.6504e-04
805.8	4.5141e-04
806.0	4.2899e-04
806.2	4.112e-04
806.4	3.9466e-04
806.6	3.7654e-04
806.8	3.6178e-04
807.0	3.4763e-04
807.2	3.3673e-04
807.4	3.2302e-04
807.6	3.1256e-04
807.8	3.0306e-04
808.0	2.9469e-04
808.2	2.8401e-04
808.4	2.7827e-04
808.6	2.7098e-04
808.8	2.6347e-04
809.0	2.57e-04
809.2	2.5127e-04
809.4	2.4429e-04
809.6	2.3935e-04
809.8	2.3522e-04
810.0	2.2938e-04
810.2	2.2472e-04
810.4	2.2262e-04
810.6	2.1991e-04
810.8	2.1687e-04
811.0	2.1505e-04
811.2	2.1486e-04
811.4	2.1393e-04
811.6	2.0912e-04
811.8	2.0737e-04
812.0	2.0679e-04
812.2	2.0572e-04
812.4	2.0659e-04
812.6	2.0672e-04
812.8	2.0675e-04
813.0	2.064e-04
813.2	2.0773e-04
813.4	2.0717e-04
813.6	2.1102e-04
813.8	2.1138e-04
814.0	2.1326e-04
814.2	2.1515e-04
814.4	2.1736e-04
814.6	2.2067e-04
814.8	2.2251e-04
815.0	2.2647e-04
815.2	2.303e-04
815.4	2.3641e-04
815.6	2.4044e-04
815.8	2.4358e-04
816.0	2.488e-04
816.2	2.5828e-04
816.4	2.6313e-04
816.6	2.6912e-04
816.8	2.7981e-04
817.0	2.8719e-04
817.2	2.9717e-04
817.4	3.0423e-04
817.6	3.1682e-04
817.8	3.2884e-04
818.0	3.4212e-04
818.2	3.5358e-04
818.4	3.6786e-04
818.6	3.895e-04
818.8	4.0133e-04
819.0	4.2184e-04
819.2	4.3973e-04
819.4	4.6354e-04
819.6	4.9138e-04
819.8	5.1879e-04
820.0	5.436e-04
820.2	5.7424e-04
820.4	6.0879e-04
820.6	6.4739e-04
820.8	6.8434e-04
821.0	7.306e-04
821.2	7.7101e-04
821.4	8.2557e-04
821.6	8.7493e-04
821.8	9.3609e-04
822.0	9.9575e-04
822.2	0.00106
822.4	0.00114
822.6	0.00121
822.8	0.00128
823.0	0.00136
823.2	0.00145
823.4	0.00153
823.6	0.00161
823.8	0.0017
824.0	0.00177
824.2	0.00183
824.4	0.0019
824.6	0.00195
824.8	0.00199
825.0	0.00202
825.2	0.00204
825.4	0.00205
825.6	0.00205
825.8	0.00202
826.0	0.002
826.2	0.00196
826.4	0.00192
826.6	0.00187
826.8	0.00182
827.0	0.00177
827.2	0.00172
827.4	0.00167
827.6	0.00162
827.8	0.00157
828.0	0.00153
828.2	0.00148
828.4	0.00143
828.6	0.00139
828.8	0.00136
829.0	0.00132
829.2	0.00129
829.4	0.00126
829.6	0.00123
829.8	0.0012
830.0	0.00119
830.2	0.00117
830.4	0.00114
830.6	0.00113
830.8	0.00111
831.0	0.0011
831.2	0.00109
831.4	0.00108
831.6	0.00108
831.8	0.00107
832.0	0.00107
832.2	0.00106
832.4	0.00106
832.6	0.00105
832.8	0.00107
833.0	0.00106
833.2	0.00107
833.4	0.00108
833.6	0.00108
833.8	0.00108
834.0	0.00109
834.2	0.0011
834.4	0.00111
834.6	0.00112
834.8	0.00113
835.0	0.00114
835.2	0.00115
835.4	0.00117
835.6	0.00118
835.8	0.00119
836.0	0.00121
836.2	0.00122
836.4	0.00123
836.6	0.00124
836.8	0.00125
837.0	0.00125
837.2	0.00126
837.4	0.00127
837.6	0.00128
837.8	0.00128
838.0	0.00128
838.2	0.00128
838.4	0.00129
838.6	0.00127
838.8	0.00127
839.0	0.00125
839.2	0.00125
839.4	0.00124
839.6	0.00123
839.8	0.00122
840.0	0.00119
840.2	0.00119
840.4	0.00116
840.6	0.00115
840.8	0.00113
841.0	0.00111
841.2	0.0011
841.4	0.00108
841.6	0.00105
841.8	0.00103
842.0	0.00102
842.2	0.001
842.4	9.7875e-04
842.6	9.6207e-04
842.8	9.3838e-04
843.0	9.2463e-04
843.2	9.1296e-04
843.4	9.0147e-04
843.6	8.768e-04
843.8	8.6444e-04
844.0	8.6105e-04
844.2	8.4175e-04
844.4	8.3284e-04
844.6	8.2804e-04
844.8	8.1432e-04
845.0	8.0641e-04
845.2	7.9579e-04
845.4	7.9049e-04
845.6	7.8163e-04
845.8	7.7887e-04
846.0	7.7574e-04
846.2	7.739e-04
846.4	7.658e-04
846.6	7.6797e-04
846.8	7.6558e-04
847.0	7.6739e-04
847.2	7.697e-04
847.4	7.7252e-04
847.6	7.7479e-04
847.8	7.7567e-04
848.0	7.812e-04
848.2	7.8868e-04
848.4	7.9536e-04
848.6	8.0417e-04
848.8	8.0852e-04
849.0	8.22e-04
849.2	8.3709e-04
849.4	8.4565e-04
849.6	8.5784e-04
849.8	8.7081e-04
850.0	8.8831e-04
850.2	9.0378e-04
850.4	9.2251e-04
850.6	9.3863e-04
850.8	9.6277e-04
851.0	9.8591e-04
851.2	0.00101
851.4	0.00104
851.6	0.00106
851.8	0.00108
852.0	0.00112
852.2	0.00115
852.4	0.00117
852.6	0.0012
852.8	0.00123
853.0	0.00126
853.2	0.00129
853.4	0.00132
853.6	0.00135
853.8	0.00137
854.0	0.0014
854.2	0.00142
854.4	0.00144
854.6	0.00146
854.8	0.00147
855.0	0.00147
855.2	0.00146
855.4	0.00146
855.6	0.00145
855.8	0.00144
856.0	0.00142
856.2	0.00139
856.4	0.00137
856.6	0.00134
856.8	0.0013
857.0	0.00126
857.2	0.00122
857.4	0.00118
857.6	0.00114
857.8	0.0011
858.0	0.00105
858.2	0.00101
858.4	9.6638e-04
858.6	9.3604e-04
858.8	8.9406e-04
859.0	8.5496e-04
859.2	8.2078e-04
859.4	7.8492e-04
859.6	7.5415e-04
859.8	7.2315e-04
860.0	6.9616e-04
860.2	6.6276e-04
860.4	6.4076e-04
860.6	6.1451e-04
860.8	5.9112e-04
861.0	5.6585e-04
861.2	5.4529e-04
861.4	5.2658e-04
861.6	5.0847e-04
861.8	4.8924e-04
862.0	4.7568e-04
862.2	4.6404e-04
862.4	4.4538e-04
862.6	4.3231e-04
862.8	4.2016e-04
863.0	4.0736e-04
863.2	3.9455e-04
863.4	3.8514e-04
863.6	3.7834e-04
863.8	3.642e-04
864.0	3.5831e-04
864.2	3.5146e-04
864.4	3.4248e-04
864.6	3.3946e-04
864.8	3.3091e-04
865.0	3.2316e-04
865.2	3.1629e-04
865.4	3.1096e-04
865.6	3.0933e-04
865.8	3.0585e-04
866.0	3.0034e-04
866.2	2.9708e-04
866.4	2.928e-04
866.6	2.8924e-04
866.8	2.8575e-04
867.0	2.8481e-04
867.2	2.8234e-04
867.4	2.8168e-04
867.6	2.8072e-04
867.8	2.8019e-04
868.0	2.8127e-04
868.2	2.8508e-04
868.4	2.8817e-04
868.6	2.822e-04
868.8	2.8529e-04
869.0	2.8517e-04
869.2	2.9001e-04
869.4	2.8599e-04
869.6	2.8602e-04
869.8	2.8848e-04
870.0	2.892e-04
870.2	2.9223e-04
870.4	2.9305e-04
870.6	2.9401e-04
870.8	2.9947e-04
871.0	3.0266e-04
871.2	3.0724e-04
871.4	3.0941e-04
871.6	3.1221e-04
871.8	3.1726e-04
872.0	3.2133e-04
872.2	3.3147e-04
872.4	3.2875e-04
872.6	3.3633e-04
872.8	3.4555e-04
873.0	3.5386e-04
873.2	3.6014e-04
873.4	3.6925e-04
873.6	3.7462e-04
873.8	3.8022e-04
874.0	3.9399e-04
874.2	4.1202e-04
874.4	4.1919e-04
874.6	4.2507e-04
874.8	4.3993e-04
875.0	4.5073e-04
875.2	4.6509e-04
875.4	4.8491e-04
875.6	5.006e-04
875.8	5.1159e-04
876.0	5.3233e-04
876.2	5.539e-04
876.4	5.7342e-04
876.6	5.9248e-04
876.8	6.1869e-04
877.0	6.4824e-04
877.2	6.7477e-04
877.4	7.0784e-04
877.6	7.364e-04
877.8	7.6711e-04
878.0	8.0478e-04
878.2	8.4329e-04
878.4	8.8776e-04
878.6	9.3511e-04
878.8	9.7513e-04
879.0	0.00103
879.2	0.00108
879.4	0.00114
879.6	0.0012
879.8	0.00128
880.0	0.00135
880.2	0.00142
880.4	0.00151
880.6	0.00159
880.8	0.00168
881.0	0.00178
881.2	0.00188
881.4	0.00199
881.6	0.00211
881.8	0.00221
882.0	0.00233
882.2	0.00246
882.4	0.00257
882.6	0.0027
882.8	0.00282
883.0	0.00294
883.2	0.00306
883.4	0.00316
883.6	0.00324
883.8	0.00333
884.0	0.0034
884.2	0.00344
884.4	0.0035
884.6	0.00353
884.8	0.00354
885.0	0.00354
885.2	0.00352
885.4	0.00349
885.6	0.00346
885.8	0.0034
886.0	0.00334
886.2	0.00328
886.4	0.0032
886.6	0.00315
886.8	0.00308
887.0	0.00299
887.2	0.00293
887.4	0.00286
887.6	0.00279
887.8	0.00271
888.0	0.00265
888.2	0.00259
888.4	0.00252
888.6	0.00248
888.8	0.00241
889.0	0.00236
889.2	0.00231
889.4	0.00227
889.6	0.00222
889.8	0.00219
890.0	0.00214
890.2	0.00211
890.4	0.00208
890.6	0.00205
890.8	0.00203
891.0	0.00201
891.2	0.00199
891.4	0.00197
891.6	0.00195
891.8	0.00194
892.0	0.00192
892.2	0.00191
892.4	0.00192
892.6	0.0019
892.8	0.0019
893.0	0.0019
893.2	0.0019
893.4	0.0019
893.6	0.00191
893.8	0.00192
894.0	0.00192
894.2	0.00194
894.4	0.00196
894.6	0.00197
894.8	0.00199
895.0	0.00202
895.2	0.00203
895.4	0.00206
895.6	0.00209
895.8	0.00211
896.0	0.00214
896.2	0.00216
896.4	0.00221
896.6	0.00225
896.8	0.00229
897.0	0.00233
897.2	0.00237
897.4	0.00243
897.6	0.00247
897.8	0.00251
898.0	0.00257
898.2	0.00262
898.4	0.00268
898.6	0.00273
898.8	0.00279
899.0	0.00286
899.2	0.00291
899.4	0.00297
899.6	0.00304
899.8	0.0031
900.0	0.00316
900.2	0.00322
900.4	0.00329
900.6	0.00334
900.8	0.0034
901.0	0.00345
901.2	0.00351
901.4	0.00356
901.6	0.00359
901.8	0.00363
902.0	0.00367
902.2	0.00371
902.4	0.0037
902.6	0.00373
902.8	0.00374
903.0	0.00374
903.2	0.00374
903.4	0.00373
903.6	0.0037
903.8	0.00368
904.0	0.00365
904.2	0.00361
904.4	0.00355
904.6	0.00351
904.8	0.00346
905.0	0.0034
905.2	0.00334
905.4	0.00328
905.6	0.00321
905.8	0.00315
906.0	0.00309
906.2	0.00301
906.4	0.00295
906.6	0.00288
906.8	0.0028
907.0	0.00273
907.2	0.00266
907.4	0.0026
907.6	0.00254
907.8	0.00246
908.0	0.00241
908.2	0.00236
908.4	0.00229
908.6	0.00224
908.8	0.00219
909.0	0.00213
909.2	0.00209
909.4	0.00204
909.6	0.00198
909.8	0.00194
910.0	0.0019
910.2	0.00185
910.4	0.00183
910.6	0.00179
910.8	0.00176
911.0	0.00173
911.2	0.00168
911.4	0.00165
911.6	0.00163
911.8	0.00159
912.0	0.00157
912.2	0.00154
912.4	0.00152
912.6	0.00149
912.8	0.00147
913.0	0.00146
913.2	0.00144
913.4	0.00142
913.6	0.0014
913.8	0.00139
914.0	0.00136
914.2	0.00135
914.4	0.00133
914.6	0.00133
914.8	0.00132
915.0	0.0013
915.2	0.0013
915.4	0.00128
915.6	0.00128
915.8	0.00127
916.0	0.00126
916.2	0.00125
916.4	0.00125
916.6	0.00125
916.8	0.00124
917.0	0.00124
917.2	0.00123
917.4	0.00123
917.6	0.00123
917.8	0.00123
918.0	0.00123
918.2	0.00123
918.4	0.00122
918.6	0.00123
918.8	0.00124
919.0	0.00124
919.2	0.00124
919.4	0.00124
919.6	0.00125
919.8	0.00125
920.0	0.00125
920.2	0.00126
920.4	0.00127
920.6	0.00128
920.8	0.00129
921.0	0.0013
921.2	0.0013
921.4	0.00131
921.6	0.00133
921.8	0.00134
922.0	0.00135
922.2	0.00136
922.4	0.00139
922.6	0.00141
922.8	0.00141
923.0	0.00143
923.2	0.00145
923.4	0.00147
923.6	0.00148
923.8	0.0015
924.0	0.00153
924.2	0.00155
924.4	0.00158
924.6	0.0016
924.8	0.00162
925.0	0.00165
925.2	0.00168
925.4	0.00172
925.6	0.00175
925.8	0.00178
926.0	0.00182
926.2	0.00185
926.4	0.00188
926.6	0.00193
926.8	0.00197
927.0	0.00203
927.2	0.00206
927.4	0.00211
927.6	0.00215
927.8	0.0022
928.0	0.00225
928.2	0.00232
928.4	0.00238
928.6	0.00244
928.8	0.0025
929.0	0.00256
929.2	0.00264
929.4	0.00272
929.6	0.00279
929.8	0.00288
930.0	0.00295
930.2	0.00304
930.4	0.00314
930.6	0.00325
930.8	0.00334
931.0	0.00343
931.2	0.00355
931.4	0.00367
931.6	0.00378
931.8	0.00391
932.0	0.00398
932.2	0.00416
932.4	0.00429
932.6	0.00444
932.8	0.0046
933.0	0.00476
933.2	0.00492
933.4	0.0051
933.6	0.00529
933.8	0.00547
934.0	0.00569
934.2	0.00585
934.4	0.00603
934.6	0.00623
934.8	0.00644
935.0	0.00665
935.2	0.00684
935.4	0.00701
935.6	0.00726
935.8	0.00742
936.0	0.00763
936.2	0.00785
936.4	0.00803
936.6	0.00821
936.8	0.00844
937.0	0.00853
937.2	0.00872
937.4	0.00889
937.6	0.00903
937.8	0.00916
938.0	0.00924
938.2	0.00934
938.4	0.00942
938.6	0.00947
938.8	0.00953
939.0	0.00956
939.2	0.00959
939.4	0.00962
939.6	0.00963
939.8	0.00959
940.0	0.00953
940.2	0.00946
940.4	0.00939
940.6	0.00933
940.8	0.00927
941.0	0.00914
941.2	0.00906
941.4	0.00899
941.6	0.00886
941.8	0.00876
942.0	0.00868
942.2	0.00856
942.4	0.00848
942.6	0.00833
942.8	0.00823
943.0	0.00811
943.2	0.00805
943.4	0.00788
943.6	0.00781
943.8	0.00773
944.0	0.00763
944.2	0.00749
944.4	0.0074
944.6	0.00733
944.8	0.00727
945.0	0.00717
945.2	0.0071
945.4	0.00699
945.6	0.00693
945.8	0.00689
946.0	0.00682
946.2	0.00675
946.4	0.00668
946.6	0.00669
946.8	0.00659
947.0	0.00657
947.2	0.00654
947.4	0.0065
947.6	0.00649
947.8	0.00653
948.0	0.00647
948.2	0.00646
948.4	0.00646
948.6	0.00644
948.8	0.00642
949.0	0.0064
949.2	0.00641
949.4	0.00641
949.6	0.00645
949.8	0.00652
950.0	0.0065
950.2	0.00652
950.4	0.00658
950.6	0.0066
950.8	0.00662
951.0	0.00667
951.2	0.00669
951.4	0.00678
951.6	0.00683
951.8	0.00689
952.0	0.00697
952.2	0.00697
952.4	0.00708
952.6	0.00719
952.8	0.00722
953.0	0.00736
953.2	0.00742
953.4	0.00751
953.6	0.0076
953.8	0.00768
954.0	0.00785
954.2	0.00794
954.4	0.00802
954.6	0.00816
954.8	0.00826
955.0	0.00839
955.2	0.00849
955.4	0.00862
955.6	0.00878
955.8	0.00889
956.0	0.00906
956.2	0.00917
956.4	0.00926
956.6	0.0094
956.8	0.00951
957.0	0.00965
957.2	0.00981
957.4	0.00986
957.6	0.01003
957.8	0.01018
958.0	0.01024
958.2	0.01035
958.4	0.01039
958.6	0.01048
958.8	0.01059
959.0	0.01061
959.2	0.01068
959.4	0.01071
959.6	0.01076
959.8	0.01077
960.0	0.01077
960.2	0.01076
960.4	0.01071
960.6	0.01069
960.8	0.01069
961.0	0.01059
961.2	0.01054
961.4	0.01042
961.6	0.01033
961.8	0.01023
962.0	0.01011
962.2	0.00996
962.4	0.00987
962.6	0.0097
962.8	0.00956
963.0	0.00942
963.2	0.00928
963.4	0.00914
963.6	0.00895
963.8	0.00879
964.0	0.00858
964.2	0.00845
964.4	0.00828
964.6	0.00813
964.8	0.00796
965.0	0.0078
965.2	0.00765
965.4	0.0075
965.6	0.00735
965.8	0.00721
966.0	0.00706
966.2	0.00689
966.4	0.00674
966.6	0.00659
966.8	0.00649
967.0	0.00636
967.2	0.00624
967.4	0.00613
967.6	0.006
967.8	0.00591
968.0	0.0058
968.2	0.0057
968.4	0.00561
968.6	0.0055
968.8	0.0054
969.0	0.00531
969.2	0.00523
969.4	0.00513
969.6	0.00506
969.8	0.00499
970.0	0.00492
970.2	0.00487
970.4	0.00481
970.6	0.00474
970.8	0.00466
971.0	0.00464
971.2	0.00458
971.4	0.00452
971.6	0.00449
971.8	0.00443
972.0	0.00451
972.2	0.00453
972.4	0.00451
972.6	0.00446
972.8	0.00442
973.0	0.0044
973.2	0.00436
973.4	0.00432
973.6	0.00432
973.8	0.00429
974.0	0.00428
974.2	0.00426
974.4	0.00424
974.6	0.00423
974.8	0.00421
975.0	0.00421
975.2	0.0042
975.4	0.00419
975.6	0.00419
975.8	0.0042
976.0	0.00419
976.2	0.00419
976.4	0.00419
976.6	0.00417
976.8	0.00421
977.0	0.00421
977.2	0.00423
977.4	0.00424
977.6	0.00424
977.8	0.00428
978.0	0.00428
978.2	0.00431
978.4	0.00431
978.6	0.00433
978.8	0.00436
979.0	0.0044
979.2	0.00442
979.4	0.00443
979.6	0.00446
979.8	0.00451
980.0	0.00451
980.2	0.00456
980.4	0.00459
980.6	0.00462
980.8	0.00466
981.0	0.00469
981.2	0.0047
981.4	0.00476
981.6	0.0048
981.8	0.00481
982.0	0.00485
982.2	0.00488
982.4	0.00492
982.6	0.00497
982.8	0.00498
983.0	0.00504
983.2	0.00505
983.4	0.00509
983.6	0.00513
983.8	0.00514
984.0	0.00516
984.2	0.0052
984.4	0.00522
984.6	0.00524
984.8	0.00529
985.0	0.0053
985.2	0.0053
985.4	0.00531
985.6	0.00533
985.8	0.00535
986.0	0.00533
986.2	0.00535
986.4	0.00533
986.6	0.00535
986.8	0.00534
987.0	0.00532
987.2	0.00531
987.4	0.00531
987.6	0.00528
987.8	0.00527
988.0	0.00522
988.2	0.0052
988.4	0.00517
988.6	0.00512
988.8	0.0051
989.0	0.00505
989.2	0.00503
989.4	0.00497
989.6	0.00493
989.8	0.00489
990.0	0.00484
990.2	0.00477
990.4	0.00473
990.6	0.00469
990.8	0.00461
991.0	0.00457
991.2	0.00451
991.4	0.00446
991.6	0.0044
991.8	0.00435
992.0	0.0043
992.2	0.00423
992.4	0.00419
992.6	0.00411
992.8	0.00406
993.0	0.004
993.2	0.00396
993.4	0.0039
993.6	0.00385
993.8	0.0038
994.0	0.00374
994.2	0.00368
994.4	0.00365
994.6	0.00361
994.8	0.00354
995.0	0.0035
995.2	0.00346
995.4	0.00341
995.6	0.00337
995.8	0.00333
996.0	0.00329
996.2	0.00322
996.4	0.0032
996.6	0.00315
996.8	0.00313
997.0	0.00309
997.2	0.00305
997.4	0.00302
997.6	0.00301
997.8	0.00297
998.0	0.00293
998.2	0.00291
998.4	0.00288
998.6	0.00286
998.8	0.00283
999.0	0.00282
999.2	0.00279
999.4	0.00277
999.6	0.00274
999.8	0.00272
1000.0	0.0027
1000.2	0.00266
1000.4	0.00264
1000.6	0.00262
1000.8	0.00261
1001.0	0.0026
1001.2	0.00259
1001.4	0.00257
1001.6	0.00256
1001.8	0.00255
1002.0	0.00254
1002.2	0.00254
1002.4	0.00252
1002.6	0.00252
1002.8	0.00252
1003.0	0.00251
1003.2	0.0025
1003.4	0.0025
1003.6	0.0025
1003.8	0.0025
1004.0	0.00249
1004.2	0.0025
1004.4	0.0025
1004.6	0.00251
1004.8	0.00251
1005.0	0.00251
1005.2	0.0025
1005.4	0.00252
1005.6	0.00254
1005.8	0.00254
1006.0	0.00255
1006.2	0.00255
1006.4	0.00257
1006.6	0.00258
1006.8	0.0026
1007.0	0.0026
1007.2	0.00263
1007.4	0.00266
1007.6	0.00267
1007.8	0.0027
1008.0	0.00271
1008.2	0.00273
1008.4	0.00274
1008.6	0.00279
1008.8	0.0028
1009.0	0.00283
1009.2	0.00285
1009.4	0.00288
1009.6	0.00291
1009.8	0.00295
1010.0	0.00299
1010.2	0.00301
1010.4	0.00307
1010.6	0.0031
1010.8	0.00314
1011.0	0.00317
1011.2	0.00321
1011.4	0.00326
1011.6	0.0033
1011.8	0.00336
1012.0	0.0034
1012.2	0.00344
1012.4	0.0035
1012.6	0.00356
1012.8	0.00361
1013.0	0.00369
1013.2	0.00374
1013.4	0.00381
1013.6	0.00388
1013.8	0.00394
1014.0	0.004
1014.2	0.00407
1014.4	0.00416
1014.6	0.00424
1014.8	0.00434
1015.0	0.00441
1015.2	0.00449
1015.4	0.00457
1015.6	0.00469
1015.8	0.00475
1016.0	0.00486
1016.2	0.00498
1016.4	0.00506
1016.6	0.00517
1016.8	0.00528
1017.0	0.00539
1017.2	0.00549
1017.4	0.00566
1017.6	0.00574
1017.8	0.00586
1018.0	0.00597
1018.2	0.00612
1018.4	0.00625
1018.6	0.00638
1018.8	0.00654
1019.0	0.00664
1019.2	0.00683
1019.4	0.00697
1019.6	0.00708
1019.8	0.0072
1020.0	0.00734
1020.2	0.00751
1020.4	0.00768
1020.6	0.00777
1020.8	0.00799
1021.0	0.00809
1021.2	0.00825
1021.4	0.00839
1021.6	0.00853
1021.8	0.00872
1022.0	0.00885
1022.2	0.00897
1022.4	0.00909
1022.6	0.00923
1022.8	0.00937
1023.0	0.00949
1023.2	0.00962
1023.4	0.00976
1023.6	0.00984
1023.8	0.00995
1024.0	0.01005
1024.2	0.01017
1024.4	0.01024
1024.6	0.01032
1024.8	0.01043
1025.0	0.01047
1025.2	0.01046
1025.4	0.01057
1025.6	0.01061
1025.8	0.01068
1026.0	0.01073
1026.2	0.01075
1026.4	0.0108
1026.6	0.01082
1026.8	0.01087
1027.0	0.01087
1027.2	0.01088
1027.4	0.01094
1027.6	0.01092
1027.8	0.01092
1028.0	0.01097
1028.2	0.0109
1028.4	0.01092
1028.6	0.01085
1028.8	0.01088
1029.0	0.01082
1029.2	0.01078
1029.4	0.01075
1029.6	0.01074
1029.8	0.01069
1030.0	0.01067
1030.2	0.01065
1030.4	0.01064
1030.6	0.01059
1030.8	0.01058
1031.0	0.01055
1031.2	0.0105
1031.4	0.01043
1031.6	0.01045
1031.8	0.01039
1032.0	0.01037
1032.2	0.01034
1032.4	0.01028
1032.6	0.01026
1032.8	0.01024
1033.0	0.01018
1033.2	0.01017
1033.4	0.01013
1033.6	0.01013
1033.8	0.01007
1034.0	0.01009
1034.2	0.01004
1034.4	0.01007
1034.6	0.01003
1034.8	0.01
1035.0	0.01
1035.2	0.00998
1035.4	0.00998
1035.6	0.00993
1035.8	0.00991
1036.0	0.00994
1036.2	0.00996
1036.4	0.00991
1036.6	0.00992
1036.8	0.00993
1037.0	0.00994
1037.2	0.00991
1037.4	0.0099
1037.6	0.0099
1037.8	0.00991
1038.0	0.0099
1038.2	0.00993
1038.4	0.00996
1038.6	0.00997
1038.8	0.00997
1039.0	0.00999
1039.2	0.00999
1039.4	0.01
1039.6	0.01002
1039.8	0.01002
1040.0	0.01001
1040.2	0.01003
1040.4	0.01001
1040.6	0.01002
1040.8	0.01005
1041.0	0.01006
1041.2	0.01005
1041.4	0.01005
1041.6	0.01014
1041.8	0.01001
1042.0	0.01007
1042.2	0.01004
1042.4	0.01006
1042.6	0.00999
1042.8	0.01001
1043.0	0.00998
1043.2	0.00997
1043.4	0.00996
1043.6	0.00996
1043.8	0.00996
1044.0	0.0099
1044.2	0.00986
1044.4	0.00982
1044.6	0.00979
1044.8	0.00979
1045.0	0.00976
1045.2	0.00975
1045.4	0.00974
1045.6	0.00972
1045.8	0.0097
1046.0	0.00963
1046.2	0.00956
1046.4	0.00949
1046.6	0.00942
1046.8	0.00937
1047.0	0.00932
1047.2	0.00926
1047.4	0.00921
1047.6	0.00913
1047.8	0.00905
1048.0	0.00897
1048.2	0.00889
1048.4	0.00883
1048.6	0.00877
1048.8	0.00869
1049.0	0.00861
1049.2	0.00851
1049.4	0.0084
1049.6	0.00833
1049.8	0.00827
1050.0	0.00819
1050.2	0.00812
1050.4	0.00803
1050.6	0.00795
1050.8	0.00785
1051.0	0.00775
1051.2	0.00767
1051.4	0.0076
1051.6	0.00751
1051.8	0.00743
1052.0	0.00732
1052.2	0.0072
1052.4	0.0071
1052.6	0.00703
1052.8	0.00697
1053.0	0.00692
1053.2	0.00684
1053.4	0.00675
1053.6	0.00667
1053.8	0.00659
1054.0	0.00652
1054.2	0.00645
1054.4	0.00638
1054.6	0.00631
1054.8	0.00624
1055.0	0.00618
1055.2	0.00612
1055.4	0.00605
1055.6	0.00598
1055.8	0.00592
1056.0	0.00586
1056.2	0.00579
1056.4	0.00573
1056.6	0.00567
1056.8	0.00562
1057.0	0.00559
1057.2	0.00555
1057.4	0.00549
1057.6	0.00543
1057.8	0.00539
1058.0	0.00534
1058.2	0.0053
1058.4	0.00527
1058.6	0.00523
1058.8	0.0052
1059.0	0.00513
1059.2	0.00508
1059.4	0.00507
1059.6	0.00505
1059.8	0.00502
1060.0	0.00499
1060.2	0.00494
1060.4	0.00489
1060.6	0.00489
1060.8	0.00488
1061.0	0.00485
1061.2	0.00482
1061.4	0.00479
1061.6	0.00475
1061.8	0.00475
1062.0	0.00474
1062.2	0.0047
1062.4	0.00467
1062.6	0.00465
1062.8	0.00464
1063.0	0.00464
1063.2	0.00463
1063.4	0.0046
1063.6	0.00457
1063.8	0.00457
1064.0	0.00457
1064.2	0.00456
1064.4	0.00456
1064.6	0.00455
1064.8	0.00454
1065.0	0.0046
1065.2	0.00447
1065.4	0.00447
1065.6	0.00448
1065.8	0.00449
1066.0	0.0045
1066.2	0.0045
1066.4	0.00451
1066.6	0.00451
1066.8	0.00451
1067.0	0.00451
1067.2	0.00451
1067.4	0.00451
1067.6	0.0045
1067.8	0.00451
1068.0	0.00451
1068.2	0.00451
1068.4	0.00451
1068.6	0.00451
1068.8	0.00451
1069.0	0.00452
1069.2	0.00452
1069.4	0.00453
1069.6	0.00453
1069.8	0.00454
1070.0	0.00454
1070.2	0.00455
1070.4	0.00455
1070.6	0.00456
1070.8	0.00456
1071.0	0.00456
1071.2	0.00456
1071.4	0.00457
1071.6	0.00457
1071.8	0.00457
1072.0	0.00457
1072.2	0.00458
1072.4	0.00458
1072.6	0.00458
1072.8	0.00458
1073.0	0.00458
1073.2	0.00458
1073.4	0.00458
1073.6	0.00458
1073.8	0.00458
1074.0	0.00458
1074.2	0.00458
1074.4	0.0046
1074.6	0.00461
1074.8	0.00463
1075.0	0.00464
1075.2	0.00465
1075.4	0.00467
1075.6	0.00468
1075.8	0.00467
1076.0	0.00466
1076.2	0.00465
1076.4	0.00463
1076.6	0.00462
1076.8	0.00461
1077.0	0.00459
1077.2	0.00458
1077.4	0.00457
1077.6	0.00455
1077.8	0.00454
1078.0	0.00452
1078.2	0.00451
1078.4	0.00449
1078.6	0.00448
1078.8	0.00446
1079.0	0.00445
1079.2	0.00442
1079.4	0.0044
1079.6	0.00438
1079.8	0.00436
1080.0	0.00434
1080.2	0.00431
1080.4	0.00429
1080.6	0.00427
1080.8	0.00425
1081.0	0.00422
1081.2	0.00419
1081.4	0.00416
1081.6	0.00413
1081.8	0.0041
1082.0	0.00407
1082.2	0.00404
1082.4	0.00401
1082.6	0.00399
1082.8	0.00397
1083.0	0.00395
1083.2	0.00392
1083.4	0.0039
1083.6	0.00388
1083.8	0.00386
1084.0	0.00384
1084.2	0.00382
1084.4	0.0038
1084.6	0.00377
1084.8	0.00375
1085.0	0.00373
1085.2	0.00371
1085.4	0.00369
1085.6	0.00367
1085.8	0.00365
1086.0	0.00363
1086.2	0.00361
1086.4	0.00359
1086.6	0.00357
1086.8	0.00355
1087.0	0.00354
1087.2	0.00352
1087.4	0.0035
1087.6	0.00348
1087.8	0.00347
1088.0	0.00345
1088.2	0.00343
1088.4	0.00341
1088.6	0.0034
1088.8	0.00338
1089.0	0.00336
1089.2	0.00335
1089.4	0.00333
1089.6	0.00331
1089.8	0.00331
1090.0	0.0033
1090.2	0.00329
1090.4	0.00329
1090.6	0.00328
1090.8	0.00327
1091.0	0.00326
1091.2	0.00326
1091.4	0.00325
1091.6	0.00324
1091.8	0.00324
1092.0	0.00323
1092.2	0.00322
1092.4	0.00322
1092.6	0.00321
1092.8	0.0032
1093.0	0.0032
1093.2	0.0032
1093.4	0.00321
1093.6	0.00321
1093.8	0.00321
1094.0	0.00322
1094.2	0.00322
1094.4	0.00322
1094.6	0.00323
1094.8	0.00323
1095.0	0.00323
1095.2	0.00324
1095.4	0.00324
1095.6	0.00325
1095.8	0.00325
1096.0	0.00327
1096.2	0.00329
1096.4	0.00331
1096.6	0.00333
1096.8	0.00335
1097.0	0.00337
1097.2	0.00339
1097.4	0.00342
1097.6	0.00344
1097.8	0.00346
1098.0	0.00348
1098.2	0.00351
1098.4	0.00353
1098.6	0.00355
1098.8	0.00358
1099.0	0.0036
1099.2	0.00362
1099.4	0.00365
1099.6	0.00368
1099.8	0.00371
1100.0	0.00374
1100.2	0.00376
1100.4	0.00379
1100.6	0.00382
1100.8	0.00385
1101.0	0.00388
1101.2	0.00391
1101.4	0.00394
1101.6	0.00397
1101.8	0.004
1102.0	0.00404
1102.2	0.00407
1102.4	0.00412
1102.6	0.00418
1102.8	0.00424
1103.0	0.00429
1103.2	0.00435
1103.4	0.00441
1103.6	0.00447
1103.8	0.00453
1104.0	0.00459
1104.2	0.00466
1104.4	0.00472
1104.6	0.00478
1104.8	0.00485
1105.0	0.00492
1105.2	0.00499
1105.4	0.00508
1105.6	0.00518
1105.8	0.00527
1106.0	0.00537
1106.2	0.00547
1106.4	0.00557
1106.6	0.00568
1106.8	0.00578
1107.0	0.00589
1107.2	0.006
1107.4	0.00611
1107.6	0.00623
1107.8	0.00634
1108.0	0.00646
1108.2	0.00658
1108.4	0.00671
1108.6	0.00683
1108.8	0.00696
1109.0	0.00709
