Typical Measured Spectrum of Semrock FF01-607/70 Optical Filter	
For wavelengths between 320 and 1120 nm, values near or below 3e-7 (Optical Density 6.5) are measurement noise limited.
For wavelengths < 320 nm and > 1120 nm, values near or below 3e-6 (Optical Density 5.5) are measurement noise limited. 
Data format:  Wavelength (nm) <tab> Transmission (0 to 1)
301.0	4.1609e-07
301.2	4.1137e-07
301.4	4.067e-07
301.6	4.0208e-07
301.8	3.9752e-07
302.0	3.9301e-07
302.2	3.8855e-07
302.4	3.8414e-07
302.6	3.7978e-07
302.8	3.7547e-07
303.0	3.7121e-07
303.2	3.67e-07
303.4	3.629e-07
303.6	3.5887e-07
303.8	3.5489e-07
304.0	3.5095e-07
304.2	3.4706e-07
304.4	3.432e-07
304.6	3.3939e-07
304.8	3.3563e-07
305.0	3.319e-07
305.2	3.2822e-07
305.4	3.2458e-07
305.6	3.2097e-07
305.8	3.1741e-07
306.0	3.1425e-07
306.2	3.1352e-07
306.4	3.128e-07
306.6	3.1208e-07
306.8	3.1136e-07
307.0	3.1064e-07
307.2	3.0992e-07
307.4	3.092e-07
307.6	3.0849e-07
307.8	3.0777e-07
308.0	3.0706e-07
308.2	3.0635e-07
308.4	3.0564e-07
308.6	3.0494e-07
308.8	3.0423e-07
309.0	3.0353e-07
309.2	3.0283e-07
309.4	3.0213e-07
309.6	3.0143e-07
309.8	2.9985e-07
310.0	2.9822e-07
310.2	2.966e-07
310.4	2.9498e-07
310.6	2.9337e-07
310.8	2.9177e-07
311.0	2.9019e-07
311.2	2.886e-07
311.4	2.8703e-07
311.6	2.8547e-07
311.8	2.8391e-07
312.0	2.8237e-07
312.2	2.8083e-07
312.4	2.793e-07
312.6	2.7778e-07
312.8	2.7626e-07
313.0	2.7476e-07
313.2	2.7326e-07
313.4	2.719e-07
313.6	2.7059e-07
313.8	2.6928e-07
314.0	2.6798e-07
314.2	2.6669e-07
314.4	2.654e-07
314.6	2.6412e-07
314.8	2.6285e-07
315.0	2.6158e-07
315.2	2.6032e-07
315.4	2.5906e-07
315.6	2.5781e-07
315.8	2.5657e-07
316.0	2.553e-07
316.2	2.538e-07
316.4	2.5232e-07
316.6	2.5084e-07
316.8	2.4938e-07
317.0	2.4792e-07
317.2	2.4647e-07
317.4	2.4503e-07
317.6	2.436e-07
317.8	2.4217e-07
318.0	2.4076e-07
318.2	2.3935e-07
318.4	2.3795e-07
318.6	2.3656e-07
318.8	2.3518e-07
319.0	2.338e-07
319.2	2.3244e-07
319.4	2.3108e-07
319.6	2.2973e-07
319.8	2.4654e-07
320.0	2.6622e-07
320.2	2.8748e-07
320.4	3.1044e-07
320.6	3.3523e-07
320.8	3.6199e-07
321.0	3.909e-07
321.2	4.2211e-07
321.4	4.5582e-07
321.6	4.9222e-07
321.8	5.3152e-07
322.0	5.7397e-07
322.2	6.198e-07
322.4	6.6929e-07
322.6	7.2273e-07
322.8	7.8044e-07
323.0	8.4276e-07
323.2	9.1006e-07
323.4	8.5794e-07
323.6	7.6308e-07
323.8	6.787e-07
324.0	6.0366e-07
324.2	5.3691e-07
324.4	4.7754e-07
324.6	4.2474e-07
324.8	3.7778e-07
325.0	3.3601e-07
325.2	2.9885e-07
325.4	2.6581e-07
325.6	2.3642e-07
325.8	2.1028e-07
326.0	1.8957e-07
326.2	1.8705e-07
326.4	1.8456e-07
326.6	1.821e-07
326.8	1.7968e-07
327.0	1.7729e-07
327.2	1.7494e-07
327.4	1.7261e-07
327.6	1.7031e-07
327.8	1.6805e-07
328.0	1.6581e-07
328.2	1.6361e-07
328.4	1.6143e-07
328.6	1.5929e-07
328.8	1.5717e-07
329.0	1.5508e-07
329.2	1.5302e-07
329.4	1.5098e-07
329.6	1.4897e-07
329.8	1.559e-07
330.0	1.6381e-07
330.2	1.7213e-07
330.4	1.8087e-07
330.6	1.9005e-07
330.8	1.997e-07
331.0	2.0983e-07
331.2	2.2048e-07
331.4	2.3168e-07
331.6	2.4344e-07
331.8	2.558e-07
332.0	2.6878e-07
332.2	2.8243e-07
332.4	2.9677e-07
332.6	3.1183e-07
332.8	3.2766e-07
333.0	3.443e-07
333.2	3.6177e-07
333.4	3.4311e-07
333.6	3.139e-07
333.8	2.8717e-07
334.0	2.6272e-07
334.2	2.4035e-07
334.4	2.1989e-07
334.6	2.0117e-07
334.8	1.8404e-07
335.0	1.6837e-07
335.2	1.5403e-07
335.4	1.4092e-07
335.6	1.2892e-07
335.8	1.1794e-07
336.0	1.1206e-07
336.2	1.2649e-07
336.4	1.4278e-07
336.6	1.6117e-07
336.8	1.8192e-07
337.0	2.0534e-07
337.2	2.3179e-07
337.4	2.6163e-07
337.6	2.9532e-07
337.8	3.3335e-07
338.0	3.7628e-07
338.2	4.2473e-07
338.4	4.7943e-07
338.6	5.4116e-07
338.8	6.1085e-07
339.0	6.8951e-07
339.2	7.783e-07
339.4	8.7852e-07
339.6	9.9164e-07
339.8	9.8694e-07
340.0	9.7439e-07
340.2	9.62e-07
340.4	9.4978e-07
340.6	9.377e-07
340.8	9.2578e-07
341.0	9.1401e-07
341.2	9.024e-07
341.4	8.9092e-07
341.6	8.796e-07
341.8	8.6842e-07
342.0	8.5738e-07
342.2	8.4648e-07
342.4	8.3572e-07
342.6	8.251e-07
342.8	8.1461e-07
343.0	8.0425e-07
343.2	7.9403e-07
343.4	8.022e-07
343.6	8.1851e-07
343.8	8.3514e-07
344.0	8.5211e-07
344.2	8.6943e-07
344.4	8.8709e-07
344.6	9.0512e-07
344.8	9.2351e-07
345.0	9.4228e-07
345.2	9.6143e-07
345.4	9.8097e-07
345.6	1.0009e-06
345.8	1.0212e-06
346.0	1.0175e-06
346.2	8.8087e-07
346.4	7.6261e-07
346.6	6.6023e-07
346.8	5.7159e-07
347.0	4.9486e-07
347.2	4.2842e-07
347.4	3.709e-07
347.6	3.2111e-07
347.8	2.78e-07
348.0	2.4068e-07
348.2	2.0837e-07
348.4	1.8039e-07
348.6	1.5618e-07
348.8	1.3521e-07
349.0	1.1706e-07
349.2	1.0134e-07
349.4	8.7737e-08
349.6	7.5958e-08
349.8	7.5284e-08
350.0	7.5439e-08
350.2	7.5594e-08
350.4	7.5749e-08
350.6	7.5905e-08
350.8	7.6061e-08
351.0	7.6217e-08
351.2	7.6374e-08
351.4	7.6531e-08
351.6	7.6688e-08
351.8	7.6846e-08
352.0	7.7004e-08
352.2	7.7162e-08
352.4	7.732e-08
352.6	7.7479e-08
352.8	7.7639e-08
353.0	7.7798e-08
353.2	7.7958e-08
353.4	7.7697e-08
353.6	7.7257e-08
353.8	7.6819e-08
354.0	7.6384e-08
354.2	7.5952e-08
354.4	7.5522e-08
354.6	7.5094e-08
354.8	7.4669e-08
355.0	7.4246e-08
355.2	7.3826e-08
355.4	7.3407e-08
355.6	7.2992e-08
355.8	7.2579e-08
356.0	7.3876e-08
356.2	8.5431e-08
356.4	9.8792e-08
356.6	1.1424e-07
356.8	1.3211e-07
357.0	1.5277e-07
357.2	1.7667e-07
357.4	2.043e-07
357.6	2.3625e-07
357.8	2.732e-07
358.0	3.1592e-07
358.2	3.6533e-07
358.4	4.2247e-07
358.6	4.8854e-07
358.8	5.6495e-07
359.0	6.5331e-07
359.2	7.5548e-07
359.4	8.7364e-07
359.6	1.0103e-06
359.8	8.8698e-07
360.0	7.6516e-07
360.2	6.6007e-07
360.4	5.6941e-07
360.6	4.912e-07
360.8	4.2374e-07
361.0	3.6554e-07
361.2	3.1534e-07
361.4	2.7203e-07
361.6	2.3467e-07
361.8	2.0244e-07
362.0	1.7463e-07
362.2	1.5065e-07
362.4	1.2996e-07
362.6	1.1211e-07
362.8	9.671e-08
363.0	8.3428e-08
363.2	7.1969e-08
363.4	6.9112e-08
363.6	6.9195e-08
363.8	6.9278e-08
364.0	6.936e-08
364.2	6.9443e-08
364.4	6.9526e-08
364.6	6.961e-08
364.8	6.9693e-08
365.0	6.9776e-08
365.2	6.986e-08
365.4	6.9943e-08
365.6	7.0027e-08
365.8	7.0111e-08
366.0	7.1146e-08
366.2	7.6761e-08
366.4	8.282e-08
366.6	8.9357e-08
366.8	9.6409e-08
367.0	1.0402e-07
367.2	1.1223e-07
367.4	1.2109e-07
367.6	1.3064e-07
367.8	1.4096e-07
368.0	1.5208e-07
368.2	1.6409e-07
368.4	1.7704e-07
368.6	1.9101e-07
368.8	2.0609e-07
369.0	2.2235e-07
369.2	2.399e-07
369.4	2.5884e-07
369.6	2.7927e-07
369.8	2.8364e-07
370.0	2.8678e-07
370.2	2.8994e-07
370.4	2.9315e-07
370.6	2.9639e-07
370.8	2.9966e-07
371.0	3.0297e-07
371.2	3.0632e-07
371.4	3.0971e-07
371.6	3.1313e-07
371.8	3.1659e-07
372.0	3.2009e-07
372.2	3.2362e-07
372.4	3.272e-07
372.6	3.3081e-07
372.8	3.3447e-07
373.0	3.3816e-07
373.2	3.419e-07
373.4	3.6059e-07
373.6	3.8794e-07
373.8	4.1736e-07
374.0	4.4901e-07
374.2	4.8307e-07
374.4	5.197e-07
374.6	5.5912e-07
374.8	6.0152e-07
375.0	6.4714e-07
375.2	6.9622e-07
375.4	7.4902e-07
375.6	8.0583e-07
375.8	8.6694e-07
376.0	9.0793e-07
376.2	8.1642e-07
376.4	7.3413e-07
376.6	6.6013e-07
376.8	5.9359e-07
377.0	5.3376e-07
377.2	4.7996e-07
377.4	4.3158e-07
377.6	3.8808e-07
377.8	3.4896e-07
378.0	3.1379e-07
378.2	2.8216e-07
378.4	2.5372e-07
378.6	2.2814e-07
378.8	2.0515e-07
379.0	1.8447e-07
379.2	1.6588e-07
379.4	1.4916e-07
379.6	1.3412e-07
379.8	1.2812e-07
380.0	1.2294e-07
380.2	1.1797e-07
380.4	1.132e-07
380.6	1.0862e-07
380.8	1.0423e-07
381.0	1.0002e-07
381.2	9.5977e-08
381.4	9.2097e-08
381.6	8.8374e-08
381.8	8.4802e-08
382.0	8.1374e-08
382.2	7.8085e-08
382.4	7.4929e-08
382.6	7.19e-08
382.8	6.8994e-08
383.0	6.7326e-08
383.2	6.7007e-08
383.4	6.6689e-08
383.6	6.6373e-08
383.8	6.6058e-08
384.0	6.5745e-08
384.2	6.5434e-08
384.4	6.5123e-08
384.6	6.4815e-08
384.8	6.4507e-08
385.0	6.4202e-08
385.2	6.3897e-08
385.4	6.3594e-08
385.6	6.3293e-08
385.8	6.6093e-08
386.0	6.9249e-08
386.2	7.2554e-08
386.4	7.6018e-08
386.6	7.9647e-08
386.8	8.345e-08
387.0	8.7434e-08
387.2	9.1608e-08
387.4	9.5981e-08
387.6	1.0056e-07
387.8	1.0536e-07
388.0	1.1039e-07
388.2	1.1566e-07
388.4	1.2576e-07
388.6	1.4408e-07
388.8	1.6507e-07
389.0	1.8912e-07
389.2	2.1667e-07
389.4	2.4823e-07
389.6	2.8439e-07
389.8	3.2581e-07
390.0	3.7327e-07
390.2	4.2765e-07
390.4	4.8994e-07
390.6	5.6131e-07
390.8	4.9695e-07
391.0	3.8177e-07
391.2	2.9329e-07
391.4	2.2531e-07
391.6	1.7309e-07
391.8	1.3297e-07
392.0	1.0215e-07
392.2	7.8478e-08
392.4	6.0289e-08
392.6	4.6316e-08
392.8	3.5581e-08
393.0	2.7334e-08
393.2	2.0999e-08
393.4	1.6132e-08
393.6	1.6026e-08
393.8	1.5921e-08
394.0	1.5817e-08
394.2	1.5714e-08
394.4	1.5611e-08
394.6	1.5509e-08
394.8	1.5407e-08
395.0	1.5306e-08
395.2	1.5206e-08
395.4	1.5106e-08
395.6	1.5008e-08
395.8	1.4909e-08
396.0	1.4812e-08
396.2	1.4715e-08
396.4	1.4618e-08
396.6	1.4523e-08
396.8	1.4428e-08
397.0	1.4551e-08
397.2	1.5301e-08
397.4	1.6089e-08
397.6	1.6919e-08
397.8	1.7791e-08
398.0	1.8708e-08
398.2	1.9672e-08
398.4	2.0686e-08
398.6	2.1753e-08
398.8	2.2874e-08
399.0	2.4053e-08
399.2	2.5293e-08
399.4	2.6597e-08
399.6	2.7967e-08
399.8	2.9409e-08
400.0	3.0925e-08
400.2	3.2519e-08
400.4	3.4195e-08
400.6	3.5958e-08
400.8	3.7811e-08
401.0	3.9761e-08
401.2	4.181e-08
401.4	4.3965e-08
401.6	4.6231e-08
401.8	4.8615e-08
402.0	4.9869e-08
402.2	4.7395e-08
402.4	4.5044e-08
402.6	4.281e-08
402.8	4.0686e-08
403.0	3.8668e-08
403.2	3.675e-08
403.4	3.4927e-08
403.6	3.3194e-08
403.8	3.1547e-08
404.0	2.9982e-08
404.2	2.8495e-08
404.4	2.7081e-08
404.6	2.5738e-08
404.8	2.4461e-08
405.0	2.3248e-08
405.2	2.2095e-08
405.4	2.0999e-08
405.6	1.9957e-08
405.8	1.8967e-08
406.0	1.8026e-08
406.2	1.7132e-08
406.4	1.6282e-08
406.6	1.5474e-08
406.8	1.4707e-08
407.0	1.4466e-08
407.2	1.5964e-08
407.4	1.7617e-08
407.6	1.9442e-08
407.8	2.1455e-08
408.0	2.3677e-08
408.2	2.6129e-08
408.4	2.8835e-08
408.6	3.1821e-08
408.8	3.5117e-08
409.0	3.8753e-08
409.2	4.2767e-08
409.4	4.7196e-08
409.6	5.2083e-08
409.8	5.7477e-08
410.0	6.343e-08
410.2	6.9999e-08
410.4	7.7248e-08
410.6	8.5248e-08
410.8	9.4076e-08
411.0	1.0382e-07
411.2	1.1457e-07
411.4	1.2644e-07
411.6	1.3953e-07
411.8	1.5398e-07
412.0	1.6176e-07
412.2	1.4477e-07
412.4	1.2956e-07
412.6	1.1595e-07
412.8	1.0377e-07
413.0	9.2869e-08
413.2	8.3113e-08
413.4	7.4382e-08
413.6	6.6568e-08
413.8	5.9575e-08
414.0	5.3317e-08
414.2	4.7716e-08
414.4	4.2704e-08
414.6	3.8218e-08
414.8	3.4203e-08
415.0	3.061e-08
415.2	2.7394e-08
415.4	2.4517e-08
415.6	2.1941e-08
415.8	1.9636e-08
416.0	1.7573e-08
416.2	1.5727e-08
416.4	1.4075e-08
416.6	1.2597e-08
416.8	1.1273e-08
417.0	1.0633e-08
417.2	1.1789e-08
417.4	1.3071e-08
417.6	1.4493e-08
417.8	1.6069e-08
418.0	1.7817e-08
418.2	1.9755e-08
418.4	2.1904e-08
418.6	2.4286e-08
418.8	2.6927e-08
419.0	2.9856e-08
419.2	3.3103e-08
419.4	3.6704e-08
419.6	4.0696e-08
419.8	4.5122e-08
420.0	5.0029e-08
420.2	5.5471e-08
420.4	6.1504e-08
420.6	6.8193e-08
420.8	7.561e-08
421.0	8.3833e-08
421.2	9.2951e-08
421.4	1.0306e-07
421.6	1.1427e-07
421.8	1.267e-07
422.0	1.3849e-07
422.2	1.4431e-07
422.4	1.5039e-07
422.6	1.5671e-07
422.8	1.633e-07
423.0	1.7017e-07
423.2	1.7733e-07
423.4	1.8479e-07
423.6	1.9257e-07
423.8	2.0067e-07
424.0	2.0911e-07
424.2	2.1791e-07
424.4	2.2707e-07
424.6	2.3663e-07
424.8	2.4658e-07
425.0	2.5695e-07
425.2	2.6776e-07
425.4	2.7903e-07
425.6	2.9077e-07
425.8	3.03e-07
426.0	3.1574e-07
426.2	3.2903e-07
426.4	3.4287e-07
426.6	3.5729e-07
426.8	3.7232e-07
427.0	3.7444e-07
427.2	3.3197e-07
427.4	2.9432e-07
427.6	2.6094e-07
427.8	2.3134e-07
428.0	2.0511e-07
428.2	1.8184e-07
428.4	1.6122e-07
428.6	1.4294e-07
428.8	1.2672e-07
429.0	1.1235e-07
429.2	9.961e-08
429.4	8.8312e-08
429.6	7.8296e-08
429.8	6.9416e-08
430.0	6.1543e-08
430.2	5.4564e-08
430.4	4.8375e-08
430.6	4.2889e-08
430.8	3.8024e-08
431.0	3.3712e-08
431.2	2.9888e-08
431.4	2.6499e-08
431.6	2.3493e-08
431.8	2.0829e-08
432.0	1.8779e-08
432.2	1.7881e-08
432.4	1.7027e-08
432.6	1.6213e-08
432.8	1.5438e-08
433.0	1.47e-08
433.2	1.3997e-08
433.4	1.3328e-08
433.6	1.2691e-08
433.8	1.2085e-08
434.0	1.1507e-08
434.2	1.0957e-08
434.4	1.0433e-08
434.6	9.9346e-09
434.8	9.4598e-09
435.0	9.0076e-09
435.2	8.5771e-09
435.4	8.1671e-09
435.6	7.7767e-09
435.8	7.405e-09
436.0	7.0511e-09
436.2	6.714e-09
436.4	6.3931e-09
436.6	6.0876e-09
436.8	5.7966e-09
437.0	5.5895e-09
437.2	5.5918e-09
437.4	5.5941e-09
437.6	5.5965e-09
437.8	5.5988e-09
438.0	5.6011e-09
438.2	5.6035e-09
438.4	5.6058e-09
438.6	5.6081e-09
438.8	5.6105e-09
439.0	5.6128e-09
439.2	5.6151e-09
439.4	5.6175e-09
439.6	5.6198e-09
439.8	5.6222e-09
440.0	5.6245e-09
440.2	5.6268e-09
440.4	5.6292e-09
440.6	5.6315e-09
440.8	5.6339e-09
441.0	5.6362e-09
441.2	5.6386e-09
441.4	5.6409e-09
441.6	5.6433e-09
441.8	5.6456e-09
442.0	5.8083e-09
442.2	6.5455e-09
442.4	7.3763e-09
442.6	8.3125e-09
442.8	9.3676e-09
443.0	1.0557e-08
443.2	1.1897e-08
443.4	1.3407e-08
443.6	1.5108e-08
443.8	1.7026e-08
444.0	1.9187e-08
444.2	2.1622e-08
444.4	2.4367e-08
444.6	2.7459e-08
444.8	3.0945e-08
445.0	3.4872e-08
445.2	3.9299e-08
445.4	4.4287e-08
445.6	4.9908e-08
445.8	5.6242e-08
446.0	6.3381e-08
446.2	7.1426e-08
446.4	8.0492e-08
446.6	9.0708e-08
446.8	1.0222e-07
447.0	1.1106e-07
447.2	1.0599e-07
447.4	1.0116e-07
447.6	9.6541e-08
447.8	9.2137e-08
448.0	8.7933e-08
448.2	8.3921e-08
448.4	8.0091e-08
448.6	7.6437e-08
448.8	7.295e-08
449.0	6.9621e-08
449.2	6.6444e-08
449.4	6.3413e-08
449.6	6.0519e-08
449.8	5.7758e-08
450.0	5.5123e-08
450.2	5.2608e-08
450.4	5.0207e-08
450.6	4.7916e-08
450.8	4.573e-08
451.0	4.3644e-08
451.2	4.1652e-08
451.4	3.9752e-08
451.6	3.7938e-08
451.8	3.6207e-08
452.0	3.4913e-08
452.2	3.4958e-08
452.4	3.5002e-08
452.6	3.5047e-08
452.8	3.5092e-08
453.0	3.5137e-08
453.2	3.5182e-08
453.4	3.5226e-08
453.6	3.5271e-08
453.8	3.5316e-08
454.0	3.5362e-08
454.2	3.5407e-08
454.4	3.5452e-08
454.6	3.5497e-08
454.8	3.5542e-08
455.0	3.5588e-08
455.2	3.5633e-08
455.4	3.5679e-08
455.6	3.5724e-08
455.8	3.577e-08
456.0	3.5815e-08
456.2	3.5861e-08
456.4	3.5907e-08
456.6	3.5953e-08
456.8	3.5999e-08
457.0	3.6127e-08
457.2	3.656e-08
457.4	3.6998e-08
457.6	3.7441e-08
457.8	3.789e-08
458.0	3.8344e-08
458.2	3.8803e-08
458.4	3.9268e-08
458.6	3.9739e-08
458.8	4.0215e-08
459.0	4.0696e-08
459.2	4.1184e-08
459.4	4.1677e-08
459.6	4.2177e-08
459.8	4.2682e-08
460.0	4.3194e-08
460.2	4.3711e-08
460.4	4.4235e-08
460.6	4.4765e-08
460.8	4.5301e-08
461.0	4.5844e-08
461.2	4.6393e-08
461.4	4.6949e-08
461.6	4.7511e-08
461.8	4.8081e-08
462.0	4.7415e-08
462.2	4.2881e-08
462.4	3.8782e-08
462.6	3.5074e-08
462.8	3.172e-08
463.0	2.8687e-08
463.2	2.5945e-08
463.4	2.3464e-08
463.6	2.1221e-08
463.8	1.9192e-08
464.0	1.7357e-08
464.2	1.5697e-08
464.4	1.4196e-08
464.6	1.2839e-08
464.8	1.1612e-08
465.0	1.0501e-08
465.2	9.4973e-09
465.4	8.5893e-09
465.6	7.7681e-09
465.8	7.0254e-09
466.0	6.3537e-09
466.2	5.7462e-09
466.4	5.1968e-09
466.6	4.6999e-09
466.8	4.2506e-09
467.0	4.0627e-09
467.2	4.6045e-09
467.4	5.2186e-09
467.6	5.9146e-09
467.8	6.7034e-09
468.0	7.5974e-09
468.2	8.6107e-09
468.4	9.759e-09
468.6	1.1061e-08
468.8	1.2536e-08
469.0	1.4207e-08
469.2	1.6102e-08
469.4	1.825e-08
469.6	2.0684e-08
469.8	2.3442e-08
470.0	2.6569e-08
470.2	3.0112e-08
470.4	3.4128e-08
470.6	3.8679e-08
470.8	4.3838e-08
471.0	4.9684e-08
471.2	5.631e-08
471.4	6.382e-08
471.6	7.2332e-08
471.8	8.1978e-08
472.0	9.0429e-08
472.2	9.1966e-08
472.4	9.3528e-08
472.6	9.5118e-08
472.8	9.6734e-08
473.0	9.8378e-08
473.2	1.0005e-07
473.4	1.0175e-07
473.6	1.0348e-07
473.8	1.0524e-07
474.0	1.0703e-07
474.2	1.0884e-07
474.4	1.1069e-07
474.6	1.1257e-07
474.8	1.1449e-07
475.0	1.1643e-07
475.2	1.1841e-07
475.4	1.2042e-07
475.6	1.2247e-07
475.8	1.2455e-07
476.0	1.2667e-07
476.2	1.2882e-07
476.4	1.3101e-07
476.6	1.3324e-07
476.8	1.355e-07
477.0	1.3777e-07
477.2	1.3999e-07
477.4	1.4225e-07
477.6	1.4454e-07
477.8	1.4687e-07
478.0	1.4924e-07
478.2	1.5165e-07
478.4	1.5409e-07
478.6	1.5658e-07
478.8	1.591e-07
479.0	1.6167e-07
479.2	1.6428e-07
479.4	1.6692e-07
479.6	1.6962e-07
479.8	1.7235e-07
480.0	1.7513e-07
480.2	1.7795e-07
480.4	1.8082e-07
480.6	1.8374e-07
480.8	1.867e-07
481.0	1.8971e-07
481.2	1.9277e-07
481.4	1.9588e-07
481.6	1.9904e-07
481.8	2.0224e-07
482.0	2.0481e-07
482.2	2.0524e-07
482.4	2.0568e-07
482.6	2.0611e-07
482.8	2.0655e-07
483.0	2.0699e-07
483.2	2.0743e-07
483.4	2.0787e-07
483.6	2.0831e-07
483.8	2.0875e-07
484.0	2.0919e-07
484.2	2.0964e-07
484.4	2.1008e-07
484.6	2.1053e-07
484.8	2.1097e-07
485.0	2.1142e-07
485.2	2.1187e-07
485.4	2.1232e-07
485.6	2.1277e-07
485.8	2.1322e-07
486.0	2.1367e-07
486.2	2.1413e-07
486.4	2.1458e-07
486.6	2.1504e-07
486.8	2.1549e-07
487.0	2.1586e-07
487.2	2.1597e-07
487.4	2.1608e-07
487.6	2.1618e-07
487.8	2.1629e-07
488.0	2.1639e-07
488.2	2.165e-07
488.4	2.1661e-07
488.6	2.1671e-07
488.8	2.1682e-07
489.0	2.1693e-07
489.2	2.1703e-07
489.4	2.1714e-07
489.6	2.1724e-07
489.8	2.1735e-07
490.0	2.1746e-07
490.2	2.1756e-07
490.4	2.1767e-07
490.6	2.1778e-07
490.8	2.1788e-07
491.0	2.1799e-07
491.2	2.181e-07
491.4	2.182e-07
491.6	2.1831e-07
491.8	2.1842e-07
492.0	2.1817e-07
492.2	2.1679e-07
492.4	2.1542e-07
492.6	2.1405e-07
492.8	2.127e-07
493.0	2.1135e-07
493.2	2.1002e-07
493.4	2.0869e-07
493.6	2.0737e-07
493.8	2.0606e-07
494.0	2.0475e-07
494.2	2.0346e-07
494.4	2.0217e-07
494.6	2.0089e-07
494.8	1.9962e-07
495.0	1.9836e-07
495.2	1.971e-07
495.4	1.9586e-07
495.6	1.9462e-07
495.8	1.9339e-07
496.0	1.9216e-07
496.2	1.9095e-07
496.4	1.8974e-07
496.6	1.8854e-07
496.8	1.8735e-07
497.0	1.8642e-07
497.2	1.8631e-07
497.4	1.8619e-07
497.6	1.8608e-07
497.8	1.8597e-07
498.0	1.8585e-07
498.2	1.8574e-07
498.4	1.8562e-07
498.6	1.8551e-07
498.8	1.854e-07
499.0	1.8528e-07
499.2	1.8517e-07
499.4	1.8506e-07
499.6	1.8494e-07
499.8	1.8483e-07
500.0	1.8472e-07
500.2	1.846e-07
500.4	1.8449e-07
500.6	1.8438e-07
500.8	1.8426e-07
501.0	1.8415e-07
501.2	1.8404e-07
501.4	1.8393e-07
501.6	1.8381e-07
501.8	1.837e-07
502.0	1.8312e-07
502.2	1.8104e-07
502.4	1.7899e-07
502.6	1.7696e-07
502.8	1.7495e-07
503.0	1.7296e-07
503.2	1.71e-07
503.4	1.6905e-07
503.6	1.6713e-07
503.8	1.6524e-07
504.0	1.6336e-07
504.2	1.6151e-07
504.4	1.5967e-07
504.6	1.5786e-07
504.8	1.5607e-07
505.0	1.5429e-07
505.2	1.5254e-07
505.4	1.5081e-07
505.6	1.491e-07
505.8	1.4741e-07
506.0	1.4573e-07
506.2	1.4408e-07
506.4	1.4244e-07
506.6	1.4082e-07
506.8	1.3922e-07
507.0	1.3842e-07
507.2	1.4036e-07
507.4	1.4234e-07
507.6	1.4435e-07
507.8	1.4638e-07
508.0	1.4844e-07
508.2	1.5053e-07
508.4	1.5265e-07
508.6	1.548e-07
508.8	1.5698e-07
509.0	1.592e-07
509.2	1.6144e-07
509.4	1.6371e-07
509.6	1.6602e-07
509.8	1.6836e-07
510.0	1.7073e-07
510.2	1.7313e-07
510.4	1.7557e-07
510.6	1.7804e-07
510.8	1.8055e-07
511.0	1.831e-07
511.2	1.8567e-07
511.4	1.8829e-07
511.6	1.9094e-07
511.8	1.9363e-07
512.0	1.9483e-07
512.2	1.9433e-07
512.4	1.9382e-07
512.6	1.9332e-07
512.8	1.9282e-07
513.0	1.9232e-07
513.2	1.9182e-07
513.4	1.9132e-07
513.6	1.9083e-07
513.8	1.9033e-07
514.0	1.8984e-07
514.2	1.8934e-07
514.4	1.8885e-07
514.6	1.8836e-07
514.8	1.8787e-07
515.0	1.8739e-07
515.2	1.869e-07
515.4	1.8641e-07
515.6	1.8593e-07
515.8	1.8545e-07
516.0	1.8497e-07
516.2	1.8449e-07
516.4	1.8401e-07
516.6	1.8353e-07
516.8	1.8305e-07
517.0	1.8356e-07
517.2	1.8445e-07
517.4	1.8534e-07
517.6	1.8624e-07
517.8	1.8714e-07
518.0	1.8805e-07
518.2	1.8896e-07
518.4	1.8987e-07
518.6	1.9079e-07
518.8	1.9172e-07
519.0	1.9265e-07
519.2	1.9358e-07
519.4	1.9452e-07
519.6	1.9546e-07
519.8	1.9641e-07
520.0	1.9736e-07
520.2	1.9832e-07
520.4	1.9928e-07
520.6	2.0024e-07
520.8	2.0121e-07
521.0	2.0219e-07
521.2	2.0317e-07
521.4	2.0415e-07
521.6	2.0514e-07
521.8	2.0603e-07
522.0	2.0657e-07
522.2	2.071e-07
522.4	2.0764e-07
522.6	2.0818e-07
522.8	2.0872e-07
523.0	2.0926e-07
523.2	2.098e-07
523.4	2.1035e-07
523.6	2.1089e-07
523.8	2.1144e-07
524.0	2.1199e-07
524.2	2.1254e-07
524.4	2.1309e-07
524.6	2.1364e-07
524.8	2.1419e-07
525.0	2.1475e-07
525.2	2.1531e-07
525.4	2.1587e-07
525.6	2.1643e-07
525.8	2.1699e-07
526.0	2.1755e-07
526.2	2.1811e-07
526.4	2.1868e-07
526.6	2.1925e-07
526.8	2.1941e-07
527.0	2.1942e-07
527.2	2.1943e-07
527.4	2.1943e-07
527.6	2.1944e-07
527.8	2.1945e-07
528.0	2.1946e-07
528.2	2.1947e-07
528.4	2.1947e-07
528.6	2.1948e-07
528.8	2.1949e-07
529.0	2.195e-07
529.2	2.195e-07
529.4	2.1951e-07
529.6	2.1952e-07
529.8	2.1953e-07
530.0	2.1953e-07
530.2	2.1954e-07
530.4	2.1955e-07
530.6	2.1956e-07
530.8	2.1957e-07
531.0	2.1957e-07
531.2	2.1958e-07
531.4	2.1959e-07
531.6	2.197e-07
531.8	2.2019e-07
532.0	2.2069e-07
532.2	2.2118e-07
532.4	2.2168e-07
532.6	2.2217e-07
532.8	2.2267e-07
533.0	2.2317e-07
533.2	2.2367e-07
533.4	2.2417e-07
533.6	2.2467e-07
533.8	2.2518e-07
534.0	2.2568e-07
534.2	2.2619e-07
534.4	2.2669e-07
534.6	2.272e-07
534.8	2.2771e-07
535.0	2.2822e-07
535.2	2.2873e-07
535.4	2.2924e-07
535.6	2.3055e-07
535.8	2.3262e-07
536.0	2.347e-07
536.2	2.3681e-07
536.4	2.3893e-07
536.6	2.4107e-07
536.8	2.4324e-07
537.0	2.4542e-07
537.2	2.4762e-07
537.4	2.4984e-07
537.6	2.5208e-07
537.8	2.5434e-07
538.0	2.5662e-07
538.2	2.5892e-07
538.4	2.6124e-07
538.6	2.6359e-07
538.8	2.6595e-07
539.0	2.6834e-07
539.2	2.7124e-07
539.4	2.7421e-07
539.6	2.7721e-07
539.8	2.8025e-07
540.0	2.8332e-07
540.2	2.8642e-07
540.4	2.8956e-07
540.6	2.9273e-07
540.8	2.9593e-07
541.0	2.9917e-07
541.2	3.0245e-07
541.4	3.0576e-07
541.6	3.0267e-07
541.8	2.6323e-07
542.0	2.2893e-07
542.2	1.991e-07
542.4	1.7316e-07
542.6	1.506e-07
542.8	1.3098e-07
543.0	1.1391e-07
543.2	8.662e-08
543.4	1.0447e-07
543.6	6.373e-08
543.8	3.3045e-08
544.0	3.562e-08
544.2	8.5138e-08
544.4	2.3647e-08
544.6	4.9706e-08
544.8	1.2769e-07
545.0	1.0136e-07
545.2	2.8567e-08
545.4	3.2121e-08
545.6	2.3326e-08
545.8	8.1479e-08
546.0	1.1931e-07
546.2	1.1411e-07
546.4	9.8082e-08
546.6	8.697e-08
546.8	2.0879e-08
547.0	5.3382e-08
547.2	6.2193e-08
547.4	3.0588e-08
547.6	1.7586e-08
547.8	2.6293e-08
548.0	6.7703e-08
548.2	1.0852e-07
548.4	5.4207e-08
548.6	2.3165e-08
548.8	3.4781e-08
549.0	5.2328e-08
549.2	1.6155e-08
549.4	1.6159e-08
549.6	7.4452e-08
549.8	1.2199e-07
550.0	7.8799e-08
550.2	6.5905e-08
550.4	1.1202e-07
550.6	5.0148e-08
550.8	6.8408e-08
551.0	1.0554e-07
551.2	3.0138e-08
551.4	4.0451e-08
551.6	6.6447e-08
551.8	1.8365e-08
552.0	8.6675e-08
552.2	4.1755e-08
552.4	1.9776e-08
552.6	3.5623e-08
552.8	8.5434e-08
553.0	2.8267e-08
553.2	4.3832e-08
553.4	2.3661e-08
553.6	7.1173e-08
553.8	5.5794e-08
554.0	6.8189e-08
554.2	8.4851e-08
554.4	5.5641e-08
554.6	1.8422e-08
554.8	1.5948e-08
555.0	2.5415e-08
555.2	8.1686e-08
555.4	1.0651e-07
555.6	8.7842e-08
555.8	3.6489e-08
556.0	9.441e-08
556.2	9.4298e-08
556.4	9.4109e-08
556.6	8.5817e-08
556.8	7.3267e-08
557.0	6.0856e-08
557.2	4.8396e-08
557.4	1.0262e-07
557.6	6.4379e-08
557.8	1.4777e-07
558.0	2.3392e-07
558.2	1.8154e-07
558.4	1.4064e-07
558.6	1.3895e-07
558.8	2.3541e-07
559.0	3.5223e-07
559.2	4.0724e-07
559.4	4.292e-07
559.6	4.943e-07
559.8	5.7014e-07
560.0	7.4845e-07
560.2	1.0038e-06
560.4	1.3269e-06
560.6	1.9832e-06
560.8	2.6236e-06
561.0	3.5382e-06
561.2	5.0106e-06
561.4	6.8771e-06
561.6	9.6932e-06
561.8	1.3709e-05
562.0	1.9687e-05
562.2	2.8968e-05
562.4	4.2224e-05
562.6	6.3698e-05
562.8	9.488e-05
563.0	1.4385e-04
563.2	2.1989e-04
563.4	3.4289e-04
563.6	5.4886e-04
563.8	9.0263e-04
564.0	0.00147
564.2	0.00244
564.4	0.00414
564.6	0.00734
564.8	0.0135
565.0	0.02575
565.2	0.04993
565.4	0.09999
565.6	0.20102
565.8	0.38386
566.0	0.63119
566.2	0.8411
566.4	0.94676
566.6	0.97093
566.8	0.96854
567.0	0.9668
567.2	0.97117
567.4	0.97757
567.6	0.98353
567.8	0.98494
568.0	0.98387
568.2	0.9828
568.4	0.98174
568.6	0.98067
568.8	0.9796
569.0	0.97854
569.2	0.98032
569.4	0.98258
569.6	0.98517
569.8	0.98737
570.0	0.98897
570.2	0.98945
570.4	0.98962
570.6	0.9896
570.8	0.98899
571.0	0.98771
571.2	0.98758
571.4	0.98692
571.6	0.98705
571.8	0.98765
572.0	0.98826
572.2	0.98919
572.4	0.99038
572.6	0.99143
572.8	0.99178
573.0	0.99238
573.2	0.99267
573.4	0.99157
573.6	0.99134
573.8	0.9903
574.0	0.98886
574.2	0.98706
574.4	0.98542
574.6	0.98422
574.8	0.98256
575.0	0.98145
575.2	0.98112
575.4	0.98108
575.6	0.98046
575.8	0.98111
576.0	0.98093
576.2	0.98248
576.4	0.98373
576.6	0.98443
576.8	0.9864
577.0	0.98752
577.2	0.9889
577.4	0.9903
577.6	0.99068
577.8	0.99122
578.0	0.99128
578.2	0.99207
578.4	0.99185
578.6	0.99197
578.8	0.99122
579.0	0.99106
579.2	0.99026
579.4	0.98976
579.6	0.98952
579.8	0.98897
580.0	0.98865
580.2	0.9883
580.4	0.98844
580.6	0.98853
580.8	0.98852
581.0	0.98871
581.2	0.98902
581.4	0.98953
581.6	0.98934
581.8	0.98999
582.0	0.99066
582.2	0.9907
582.4	0.99111
582.6	0.99109
582.8	0.9918
583.0	0.99149
583.2	0.99123
583.4	0.99092
583.6	0.99054
583.8	0.99076
584.0	0.99006
584.2	0.98985
584.4	0.98988
584.6	0.98933
584.8	0.9894
585.0	0.98913
585.2	0.98923
585.4	0.98916
585.6	0.98907
585.8	0.9895
586.0	0.98937
586.2	0.98958
586.4	0.98996
586.6	0.99031
586.8	0.9907
587.0	0.991
587.2	0.99109
587.4	0.99106
587.6	0.99135
587.8	0.99136
588.0	0.99152
588.2	0.9917
588.4	0.9913
588.6	0.99162
588.8	0.99077
589.0	0.99075
589.2	0.99049
589.4	0.99035
589.6	0.98948
589.8	0.98974
590.0	0.98913
590.2	0.98827
590.4	0.98849
590.6	0.98772
590.8	0.98801
591.0	0.98807
591.2	0.98773
591.4	0.98825
591.6	0.98838
591.8	0.98832
592.0	0.98941
592.2	0.98948
592.4	0.98977
592.6	0.99065
592.8	0.99097
593.0	0.99191
593.2	0.99211
593.4	0.99223
593.6	0.99254
593.8	0.99298
594.0	0.9932
594.2	0.99389
594.4	0.99346
594.6	0.99396
594.8	0.99397
595.0	0.99362
595.2	0.99351
595.4	0.99322
595.6	0.99252
595.8	0.99262
596.0	0.99248
596.2	0.99192
596.4	0.99131
596.6	0.99086
596.8	0.99043
597.0	0.99051
597.2	0.99026
597.4	0.99018
597.6	0.99008
597.8	0.99011
598.0	0.98947
598.2	0.98955
598.4	0.98945
598.6	0.98991
598.8	0.98979
599.0	0.98975
599.2	0.98988
599.4	0.98989
599.6	0.99088
599.8	0.99055
600.0	0.99055
600.2	0.99053
600.4	0.99031
600.6	0.99053
600.8	0.9907
601.0	0.99069
601.2	0.99072
601.4	0.99005
601.6	0.98948
601.8	0.98963
602.0	0.98983
602.2	0.98995
602.4	0.98937
602.6	0.98914
602.8	0.98907
603.0	0.9883
603.2	0.98819
603.4	0.98881
603.6	0.98858
603.8	0.98834
604.0	0.98824
604.2	0.98842
604.4	0.98872
604.6	0.98833
604.8	0.98895
605.0	0.98907
605.2	0.98922
605.4	0.98964
605.6	0.9901
605.8	0.99048
606.0	0.99069
606.2	0.99104
606.4	0.99133
606.6	0.99134
606.8	0.99174
607.0	0.99196
607.2	0.99216
607.4	0.9926
607.6	0.9924
607.8	0.99227
608.0	0.99207
608.2	0.99137
608.4	0.99114
608.6	0.99114
608.8	0.99123
609.0	0.99095
609.2	0.99071
609.4	0.99061
609.6	0.99038
609.8	0.99034
610.0	0.99038
610.2	0.99003
610.4	0.99011
610.6	0.98998
610.8	0.98986
611.0	0.98984
611.2	0.99024
611.4	0.98996
611.6	0.98997
611.8	0.9901
612.0	0.9902
612.2	0.99042
612.4	0.99017
612.6	0.99027
612.8	0.99023
613.0	0.98977
613.2	0.98987
613.4	0.98966
613.6	0.98962
613.8	0.98951
614.0	0.98932
614.2	0.98872
614.4	0.98842
614.6	0.98833
614.8	0.98843
615.0	0.988
615.2	0.98766
615.4	0.98762
615.6	0.98735
615.8	0.98749
616.0	0.98746
616.2	0.9875
616.4	0.98698
616.6	0.98714
616.8	0.98768
617.0	0.98754
617.2	0.98813
617.4	0.98834
617.6	0.98904
617.8	0.98913
618.0	0.98963
618.2	0.9901
618.4	0.99066
618.6	0.99094
618.8	0.99107
619.0	0.99126
619.2	0.99158
619.4	0.9916
619.6	0.99137
619.8	0.99157
620.0	0.99095
620.2	0.99114
620.4	0.99036
620.6	0.99023
620.8	0.9894
621.0	0.98875
621.2	0.98781
621.4	0.98738
621.6	0.98641
621.8	0.98589
622.0	0.98479
622.2	0.98434
622.4	0.98364
622.6	0.98272
622.8	0.98281
623.0	0.98187
623.2	0.98212
623.4	0.98186
623.6	0.98178
623.8	0.98195
624.0	0.98268
624.2	0.98317
624.4	0.98363
624.6	0.98499
624.8	0.98532
625.0	0.98593
625.2	0.98713
625.4	0.98804
625.6	0.98916
625.8	0.98946
626.0	0.9902
626.2	0.99097
626.4	0.99142
626.6	0.99193
626.8	0.99223
627.0	0.99224
627.2	0.99197
627.4	0.99168
627.6	0.99146
627.8	0.99038
628.0	0.98987
628.2	0.98861
628.4	0.9879
628.6	0.98674
628.8	0.98568
629.0	0.98471
629.2	0.98369
629.4	0.98311
629.6	0.98267
629.8	0.98155
630.0	0.98098
630.2	0.98088
630.4	0.98095
630.6	0.9809
630.8	0.98133
631.0	0.98205
631.2	0.98277
631.4	0.98376
631.6	0.98455
631.8	0.98578
632.0	0.9866
632.2	0.98754
632.4	0.98848
632.6	0.98925
632.8	0.98995
633.0	0.99038
633.2	0.99099
633.4	0.99088
633.6	0.99077
633.8	0.99061
634.0	0.99026
634.2	0.98947
634.4	0.98923
634.6	0.98785
634.8	0.98658
635.0	0.98655
635.2	0.98553
635.4	0.98462
635.6	0.98388
635.8	0.98352
636.0	0.98292
636.2	0.98324
636.4	0.98332
636.6	0.98338
636.8	0.98335
637.0	0.98424
637.2	0.98475
637.4	0.98545
637.6	0.98605
637.8	0.98653
638.0	0.98731
638.2	0.98693
638.4	0.98694
638.6	0.98646
638.8	0.98543
639.0	0.98412
639.2	0.98359
639.4	0.98213
639.6	0.98115
639.8	0.97974
640.0	0.97855
640.2	0.97787
640.4	0.97742
640.6	0.97722
640.8	0.97773
641.0	0.97804
641.2	0.97921
641.4	0.98067
641.6	0.98232
641.8	0.98388
642.0	0.98516
642.2	0.98617
642.4	0.98672
642.6	0.9862
642.8	0.98498
643.0	0.98326
643.2	0.98302
643.4	0.98279
643.6	0.98255
643.8	0.98231
644.0	0.98208
644.2	0.98184
644.4	0.98318
644.6	0.98509
644.8	0.98171
645.0	0.96496
645.2	0.92503
645.4	0.85044
645.6	0.73585
645.8	0.59381
646.0	0.45492
646.2	0.33273
646.4	0.23586
646.6	0.16483
646.8	0.11463
647.0	0.08042
647.2	0.05624
647.4	0.03979
647.6	0.02847
647.8	0.02058
648.0	0.01505
648.2	0.01124
648.4	0.00839
648.6	0.0063
648.8	0.00478
649.0	0.00364
649.2	0.0028
649.4	0.00219
649.6	0.00172
649.8	0.00134
650.0	0.00105
650.2	8.3661e-04
650.4	6.7254e-04
650.6	5.4055e-04
650.8	4.2824e-04
651.0	3.3937e-04
651.2	2.7345e-04
651.4	2.2299e-04
651.6	1.8215e-04
651.8	1.5226e-04
652.0	1.2609e-04
652.2	1.0218e-04
652.4	8.3806e-05
652.6	6.954e-05
652.8	5.966e-05
653.0	5.068e-05
653.2	4.2561e-05
653.4	3.4891e-05
653.6	2.9464e-05
653.8	2.4596e-05
654.0	2.1578e-05
654.2	1.7694e-05
654.4	1.527e-05
654.6	1.4029e-05
654.8	1.1441e-05
655.0	9.922e-06
655.2	8.8574e-06
655.4	6.9928e-06
655.6	6.2389e-06
655.8	5.0809e-06
656.0	4.9042e-06
656.2	4.0699e-06
656.4	3.5876e-06
656.6	3.2734e-06
656.8	2.9882e-06
657.0	2.7677e-06
657.2	2.2343e-06
657.4	2.1064e-06
657.6	1.705e-06
657.8	1.5584e-06
658.0	1.4903e-06
658.2	1.1907e-06
658.4	1.0841e-06
658.6	8.8169e-07
658.8	9.0747e-07
659.0	9.866e-07
659.2	6.2008e-07
659.4	7.1118e-07
659.6	5.6615e-07
659.8	4.7299e-07
660.0	5.4694e-07
660.2	4.795e-07
660.4	3.9086e-07
660.6	1.4807e-07
660.8	3.4412e-07
661.0	3.1818e-07
661.2	3.1868e-07
661.4	1.6889e-07
661.6	2.0421e-07
661.8	1.3953e-07
662.0	1.1348e-07
662.2	6.5774e-08
662.4	2.0685e-07
662.6	3.2924e-07
662.8	2.577e-07
663.0	7.6203e-08
663.2	9.4819e-08
663.4	2.286e-07
663.6	1.0818e-07
663.8	1.393e-07
664.0	3.5139e-07
664.2	6.5801e-08
664.4	2.999e-07
664.6	6.2727e-08
664.8	6.2624e-08
665.0	1.1998e-07
665.2	8.9152e-08
665.4	7.1835e-08
665.6	6.3555e-08
665.8	1.0661e-07
666.0	6.3328e-08
666.2	1.2328e-07
666.4	6.702e-08
666.6	1.4429e-07
666.8	7.0684e-08
667.0	7.0618e-08
667.2	3.0353e-07
667.4	8.533e-08
667.6	1.134e-07
667.8	1.0762e-07
668.0	2.7735e-07
668.2	9.2169e-08
668.4	6.9329e-08
668.6	2.03e-07
668.8	6.9653e-08
669.0	2.3179e-07
669.2	1.0523e-07
669.4	4.7774e-08
669.6	2.1689e-08
669.8	9.8468e-09
670.0	4.4704e-09
670.2	2.0295e-09
670.4	1.0622e-09
670.6	1.0623e-09
670.8	1.0625e-09
671.0	1.0626e-09
671.2	1.0628e-09
671.4	1.063e-09
671.6	1.0631e-09
671.8	1.0633e-09
672.0	1.0634e-09
672.2	1.0636e-09
672.4	1.0638e-09
672.6	1.0639e-09
672.8	1.0641e-09
673.0	1.0642e-09
673.2	1.0644e-09
673.4	1.0646e-09
673.6	1.0647e-09
673.8	1.0649e-09
674.0	1.1295e-09
674.2	1.2238e-09
674.4	1.3259e-09
674.6	1.4366e-09
674.8	1.5564e-09
675.0	1.6863e-09
675.2	1.8271e-09
675.4	1.9795e-09
675.6	2.1447e-09
675.8	2.3237e-09
676.0	2.5176e-09
676.2	2.7277e-09
676.4	2.9553e-09
676.6	3.2019e-09
676.8	3.4691e-09
677.0	3.7586e-09
677.2	4.0722e-09
677.4	4.4121e-09
677.6	4.7802e-09
677.8	5.1791e-09
678.0	5.6113e-09
678.2	6.0796e-09
678.4	6.5869e-09
678.6	7.1366e-09
678.8	7.4541e-09
679.0	6.8877e-09
679.2	6.3643e-09
679.4	5.8807e-09
679.6	5.4338e-09
679.8	5.0209e-09
680.0	4.6393e-09
680.2	4.2868e-09
680.4	3.961e-09
680.6	3.66e-09
680.8	3.3819e-09
681.0	3.1249e-09
681.2	2.8874e-09
681.4	2.668e-09
681.6	2.4653e-09
681.8	2.2779e-09
682.0	2.1048e-09
682.2	1.9449e-09
682.4	1.7971e-09
682.6	1.6605e-09
682.8	1.5343e-09
683.0	1.4177e-09
683.2	1.31e-09
683.4	1.2104e-09
683.6	1.1185e-09
683.8	1.204e-09
684.0	1.3735e-09
684.2	1.5668e-09
684.4	1.7873e-09
684.6	2.0388e-09
684.8	2.3258e-09
685.0	2.6531e-09
685.2	3.0264e-09
685.4	3.4524e-09
685.6	3.9382e-09
685.8	4.4925e-09
686.0	5.1247e-09
686.2	5.846e-09
686.4	6.6687e-09
686.6	7.6072e-09
686.8	8.6778e-09
687.0	9.8991e-09
687.2	1.1292e-08
687.4	1.2881e-08
687.6	1.4694e-08
687.8	1.6762e-08
688.0	1.9121e-08
688.2	2.1812e-08
688.4	2.4882e-08
688.6	2.7578e-08
688.8	2.7829e-08
689.0	2.8082e-08
689.2	2.8337e-08
689.4	2.8595e-08
689.6	2.8855e-08
689.8	2.9118e-08
690.0	2.9383e-08
690.2	2.965e-08
690.4	2.992e-08
690.6	3.0192e-08
690.8	3.0467e-08
691.0	3.0744e-08
691.2	3.1024e-08
691.4	3.1306e-08
691.6	3.1591e-08
691.8	3.1879e-08
692.0	3.2169e-08
692.2	3.2462e-08
692.4	3.2757e-08
692.6	3.3055e-08
692.8	3.3356e-08
693.0	3.3659e-08
693.2	3.3966e-08
693.4	3.4275e-08
693.6	3.7141e-08
693.8	4.1241e-08
694.0	4.5793e-08
694.2	5.0848e-08
694.4	5.646e-08
694.6	6.2692e-08
694.8	6.9612e-08
695.0	7.7296e-08
695.2	8.5828e-08
695.4	9.5302e-08
695.6	1.0582e-07
695.8	1.175e-07
696.0	1.3047e-07
696.2	1.4487e-07
696.4	1.6086e-07
696.6	1.7862e-07
696.8	1.9834e-07
697.0	2.2023e-07
697.2	2.4454e-07
697.4	2.7153e-07
697.6	3.015e-07
697.8	3.3478e-07
698.0	3.7174e-07
698.2	4.1277e-07
698.4	4.4158e-07
698.6	4.2118e-07
698.8	4.0172e-07
699.0	3.8316e-07
699.2	3.6546e-07
699.4	3.4858e-07
699.6	3.3247e-07
699.8	3.1712e-07
700.0	3.0247e-07
700.2	2.8849e-07
700.4	2.7517e-07
700.6	2.6245e-07
700.8	2.5033e-07
701.0	2.3877e-07
701.2	2.2773e-07
701.4	2.1721e-07
701.6	2.0718e-07
701.8	1.9761e-07
702.0	1.8848e-07
702.2	1.7977e-07
702.4	1.7147e-07
702.6	1.6355e-07
702.8	1.5599e-07
703.0	1.4878e-07
703.2	1.4191e-07
703.4	1.4037e-07
703.6	1.4058e-07
703.8	1.408e-07
704.0	1.4101e-07
704.2	1.4123e-07
704.4	1.4144e-07
704.6	1.4165e-07
704.8	1.4187e-07
705.0	1.4209e-07
705.2	1.423e-07
705.4	1.4252e-07
705.6	1.4274e-07
705.8	1.4295e-07
706.0	1.4317e-07
706.2	1.4339e-07
706.4	1.4361e-07
706.6	1.4382e-07
706.8	1.4404e-07
707.0	1.4426e-07
707.2	1.4448e-07
707.4	1.447e-07
707.6	1.4492e-07
707.8	1.4514e-07
708.0	1.4536e-07
708.2	1.4844e-07
708.4	1.6121e-07
708.6	1.7508e-07
708.8	1.9014e-07
709.0	2.065e-07
709.2	2.2426e-07
709.4	2.4355e-07
709.6	2.645e-07
709.8	2.8726e-07
710.0	3.1197e-07
710.2	3.388e-07
710.4	3.6795e-07
710.6	3.996e-07
710.8	4.3398e-07
711.0	4.7131e-07
711.2	5.1185e-07
711.4	5.5589e-07
711.6	6.037e-07
711.8	6.5564e-07
712.0	7.1204e-07
712.2	7.7329e-07
712.4	8.3981e-07
712.6	9.1206e-07
712.8	9.9051e-07
713.0	1.0757e-06
713.2	1.0699e-06
713.4	1.03e-06
713.6	9.9157e-07
713.8	9.5459e-07
714.0	9.19e-07
714.2	8.8473e-07
714.4	8.5174e-07
714.6	8.1998e-07
714.8	7.894e-07
715.0	7.5997e-07
715.2	7.3163e-07
715.4	7.0435e-07
715.6	6.7808e-07
715.8	6.528e-07
716.0	6.2846e-07
716.2	6.0502e-07
716.4	5.8246e-07
716.6	5.6074e-07
716.8	5.3983e-07
717.0	5.197e-07
717.2	5.0032e-07
717.4	4.8167e-07
717.6	4.6371e-07
717.8	4.4642e-07
718.0	4.3015e-07
718.2	4.156e-07
718.4	4.0154e-07
718.6	3.8796e-07
718.8	3.7483e-07
719.0	3.6215e-07
719.2	3.499e-07
719.4	3.3807e-07
719.6	3.2663e-07
719.8	3.1558e-07
720.0	3.0491e-07
720.2	2.9459e-07
720.4	2.8463e-07
720.6	2.75e-07
720.8	2.657e-07
721.0	2.5671e-07
721.2	2.4803e-07
721.4	2.3964e-07
721.6	2.3153e-07
721.8	2.237e-07
722.0	2.1613e-07
722.2	2.0882e-07
722.4	2.0176e-07
722.6	1.9493e-07
722.8	1.8834e-07
723.0	1.9576e-07
723.2	2.0823e-07
723.4	2.2148e-07
723.6	2.3558e-07
723.8	2.5058e-07
724.0	2.6654e-07
724.2	2.8351e-07
724.4	3.0156e-07
724.6	3.2076e-07
724.8	3.4118e-07
725.0	3.629e-07
725.2	3.8601e-07
725.4	4.1058e-07
725.6	4.3673e-07
725.8	4.6453e-07
726.0	4.9411e-07
726.2	5.2557e-07
726.4	5.5903e-07
726.6	5.9462e-07
726.8	6.3248e-07
727.0	6.7275e-07
727.2	7.1558e-07
727.4	7.6114e-07
727.6	8.096e-07
727.8	8.5047e-07
728.0	8.5881e-07
728.2	8.6724e-07
728.4	8.7574e-07
728.6	8.8433e-07
728.8	8.93e-07
729.0	9.0175e-07
729.2	9.106e-07
729.4	9.1952e-07
729.6	9.2854e-07
729.8	9.3765e-07
730.0	9.4684e-07
730.2	9.5612e-07
730.4	9.655e-07
730.6	9.7497e-07
730.8	9.8453e-07
731.0	9.9418e-07
731.2	1.0039e-06
731.4	1.0138e-06
731.6	1.0237e-06
731.8	1.0338e-06
732.0	1.0439e-06
732.2	1.0541e-06
732.4	1.0645e-06
732.6	1.0749e-06
732.8	1.0545e-06
733.0	1.0229e-06
733.2	9.9225e-07
733.4	9.6252e-07
733.6	9.3368e-07
733.8	9.057e-07
734.0	8.7857e-07
734.2	8.5224e-07
734.4	8.2671e-07
734.6	8.0194e-07
734.8	7.7791e-07
735.0	7.546e-07
735.2	7.32e-07
735.4	7.1006e-07
735.6	6.8879e-07
735.8	6.6815e-07
736.0	6.4813e-07
736.2	6.2871e-07
736.4	6.0988e-07
736.6	5.916e-07
736.8	5.7388e-07
737.0	5.5668e-07
737.2	5.4e-07
737.4	5.2382e-07
737.6	5.1471e-07
737.8	5.2804e-07
738.0	5.4171e-07
738.2	5.5574e-07
738.4	5.7013e-07
738.6	5.8489e-07
738.8	6.0003e-07
739.0	6.1556e-07
739.2	6.315e-07
739.4	6.4785e-07
739.6	6.6462e-07
739.8	6.8183e-07
740.0	6.9948e-07
740.2	7.1759e-07
740.4	7.3617e-07
740.6	7.5523e-07
740.8	7.7479e-07
741.0	7.9485e-07
741.2	8.1542e-07
741.4	8.3654e-07
741.6	8.5819e-07
741.8	8.8041e-07
742.0	9.0321e-07
742.2	9.2659e-07
742.4	9.5058e-07
742.6	9.7125e-07
742.8	9.91e-07
743.0	1.0111e-06
743.2	1.0317e-06
743.4	1.0527e-06
743.6	1.0741e-06
743.8	1.0959e-06
744.0	1.1182e-06
744.2	1.1409e-06
744.4	1.1641e-06
744.6	1.1878e-06
744.8	1.2119e-06
745.0	1.2366e-06
745.2	1.2617e-06
745.4	1.2874e-06
745.6	1.3135e-06
745.8	1.3402e-06
746.0	1.3675e-06
746.2	1.3953e-06
746.4	1.4237e-06
746.6	1.4526e-06
746.8	1.4821e-06
747.0	1.5123e-06
747.2	1.543e-06
747.4	1.5664e-06
747.6	1.5632e-06
747.8	1.56e-06
748.0	1.5569e-06
748.2	1.5537e-06
748.4	1.5506e-06
748.6	1.5474e-06
748.8	1.5443e-06
749.0	1.5412e-06
749.2	1.5381e-06
749.4	1.5349e-06
749.6	1.5318e-06
749.8	1.5287e-06
750.0	1.5256e-06
750.2	1.5226e-06
750.4	1.5195e-06
750.6	1.5164e-06
750.8	1.5133e-06
751.0	1.5103e-06
751.2	1.5072e-06
751.4	1.5042e-06
751.6	1.5011e-06
751.8	1.4981e-06
752.0	1.495e-06
752.2	1.492e-06
752.4	1.5035e-06
752.6	1.5209e-06
752.8	1.5385e-06
753.0	1.5562e-06
753.2	1.5742e-06
753.4	1.5924e-06
753.6	1.6108e-06
753.8	1.6294e-06
754.0	1.6482e-06
754.2	1.6672e-06
754.4	1.6865e-06
754.6	1.706e-06
754.8	1.7257e-06
755.0	1.7456e-06
755.2	1.7658e-06
755.4	1.7862e-06
755.6	1.8068e-06
755.8	1.8277e-06
756.0	1.8488e-06
756.2	1.8701e-06
756.4	1.8917e-06
756.6	1.9136e-06
756.8	1.9357e-06
757.0	1.958e-06
757.2	1.9656e-06
757.4	1.9259e-06
757.6	1.8871e-06
757.8	1.849e-06
758.0	1.8117e-06
758.2	1.7752e-06
758.4	1.7394e-06
758.6	1.7043e-06
758.8	1.6699e-06
759.0	1.6363e-06
759.2	1.6033e-06
759.4	1.5709e-06
759.6	1.5393e-06
759.8	1.5082e-06
760.0	1.4778e-06
760.2	1.448e-06
760.4	1.4188e-06
760.6	1.3902e-06
760.8	1.3621e-06
761.0	1.3347e-06
761.2	1.3078e-06
761.4	1.2814e-06
761.6	1.2555e-06
761.8	1.2302e-06
762.0	1.2054e-06
762.2	1.2023e-06
762.4	1.2062e-06
762.6	1.21e-06
762.8	1.2139e-06
763.0	1.2178e-06
763.2	1.2217e-06
763.4	1.2256e-06
763.6	1.2295e-06
763.8	1.2335e-06
764.0	1.2374e-06
764.2	1.2414e-06
764.4	1.2453e-06
764.6	1.2493e-06
764.8	1.2533e-06
765.0	1.2573e-06
765.2	1.2614e-06
765.4	1.2654e-06
765.6	1.2695e-06
765.8	1.2735e-06
766.0	1.2776e-06
766.2	1.2817e-06
766.4	1.2858e-06
766.6	1.2899e-06
766.8	1.294e-06
767.0	1.3009e-06
767.2	1.3162e-06
767.4	1.3317e-06
767.6	1.3474e-06
767.8	1.3632e-06
768.0	1.3793e-06
768.2	1.3955e-06
768.4	1.4119e-06
768.6	1.4285e-06
768.8	1.4453e-06
769.0	1.4623e-06
769.2	1.4795e-06
769.4	1.4969e-06
769.6	1.5145e-06
769.8	1.5323e-06
770.0	1.5504e-06
770.2	1.5686e-06
770.4	1.5871e-06
770.6	1.6057e-06
770.8	1.6246e-06
771.0	1.6437e-06
771.2	1.6631e-06
771.4	1.6826e-06
771.6	1.7024e-06
771.8	1.7224e-06
772.0	1.6727e-06
772.2	1.6013e-06
772.4	1.5328e-06
772.6	1.4674e-06
772.8	1.4047e-06
773.0	1.3446e-06
773.2	1.2872e-06
773.4	1.2322e-06
773.6	1.1795e-06
773.8	1.1291e-06
774.0	1.0809e-06
774.2	1.0347e-06
774.4	9.905e-07
774.6	9.4818e-07
774.8	9.0767e-07
775.0	8.6888e-07
775.2	8.3176e-07
775.4	7.9622e-07
775.6	7.622e-07
775.8	7.2963e-07
776.0	6.9846e-07
776.2	6.6861e-07
776.4	6.4005e-07
776.6	6.127e-07
776.8	5.9044e-07
777.0	5.8112e-07
777.2	5.7195e-07
777.4	5.6293e-07
777.6	5.5405e-07
777.8	5.453e-07
778.0	5.367e-07
778.2	5.2823e-07
778.4	5.199e-07
778.6	5.1169e-07
778.8	5.0362e-07
779.0	4.9567e-07
779.2	4.8785e-07
779.4	4.8015e-07
779.6	4.7258e-07
779.8	4.6512e-07
780.0	4.5778e-07
780.2	4.5056e-07
780.4	4.4345e-07
780.6	4.3645e-07
780.8	4.2956e-07
781.0	4.2279e-07
781.2	4.1611e-07
781.4	4.0955e-07
781.6	4.0309e-07
781.8	4.149e-07
782.0	4.3385e-07
782.2	4.5365e-07
782.4	4.7436e-07
782.6	4.9602e-07
782.8	5.1866e-07
783.0	5.4234e-07
783.2	5.671e-07
783.4	5.9298e-07
783.6	6.2005e-07
783.8	6.4836e-07
784.0	6.7796e-07
784.2	7.0891e-07
784.4	7.4127e-07
784.6	7.7511e-07
784.8	8.105e-07
785.0	8.475e-07
785.2	8.8619e-07
785.4	9.2664e-07
785.6	9.6894e-07
785.8	1.0132e-06
786.0	1.0187e-06
786.2	1.0098e-06
786.4	1.0011e-06
786.6	9.9239e-07
786.8	9.8377e-07
787.0	9.7523e-07
787.2	9.6677e-07
787.4	9.5837e-07
787.6	9.5006e-07
787.8	9.4181e-07
788.0	9.3363e-07
788.2	9.2553e-07
788.4	9.1749e-07
788.6	9.0953e-07
788.8	9.0164e-07
789.0	8.9381e-07
789.2	8.8605e-07
789.4	8.7836e-07
789.6	8.7073e-07
789.8	8.6318e-07
790.0	8.5568e-07
790.2	8.1129e-07
790.4	7.5694e-07
790.6	7.0624e-07
790.8	6.5893e-07
791.0	6.1479e-07
791.2	5.736e-07
791.4	5.3518e-07
791.6	4.9933e-07
791.8	4.6588e-07
792.0	4.3467e-07
792.2	4.0555e-07
792.4	3.7838e-07
792.6	3.5304e-07
792.8	3.2939e-07
793.0	3.0732e-07
793.2	2.8673e-07
793.4	2.6753e-07
793.6	2.1824e-07
793.8	1.49e-07
794.0	1.0172e-07
794.2	6.9449e-08
794.4	4.7414e-08
794.6	3.2371e-08
794.8	2.21e-08
795.0	1.5088e-08
795.2	1.0301e-08
795.4	7.0329e-09
795.6	4.8015e-09
795.8	3.2781e-09
796.0	2.2381e-09
796.2	1.528e-09
796.4	1.0432e-09
796.6	9.7597e-10
796.8	9.7619e-10
797.0	9.7641e-10
797.2	9.7663e-10
797.4	9.7685e-10
797.6	9.7707e-10
797.8	9.7729e-10
798.0	9.7751e-10
798.2	9.7773e-10
798.4	9.7795e-10
798.6	9.7817e-10
798.8	9.7839e-10
799.0	9.7861e-10
799.2	9.7883e-10
799.4	9.7905e-10
799.6	9.7928e-10
799.8	9.795e-10
800.0	1.0684e-09
800.2	1.2606e-09
800.4	1.4872e-09
800.6	1.7546e-09
800.8	2.0701e-09
801.0	2.4423e-09
801.2	2.8815e-09
801.4	3.3996e-09
801.6	4.0109e-09
801.8	4.7321e-09
802.0	5.583e-09
802.2	6.5868e-09
802.4	7.7712e-09
802.6	9.1685e-09
802.8	1.0817e-08
803.0	1.2762e-08
803.2	1.5057e-08
803.4	1.7764e-08
803.6	2.0958e-08
803.8	2.4727e-08
804.0	2.9173e-08
804.2	3.4419e-08
804.4	4.0607e-08
804.6	4.7909e-08
804.8	5.6151e-08
805.0	4.7601e-08
805.2	4.0353e-08
805.4	3.4208e-08
805.6	2.9e-08
805.8	2.4584e-08
806.0	2.0841e-08
806.2	1.7667e-08
806.4	1.4977e-08
806.6	1.2697e-08
806.8	1.0763e-08
807.0	9.1245e-09
807.2	7.7351e-09
807.4	6.5573e-09
807.6	5.5589e-09
807.8	4.7124e-09
808.0	3.9949e-09
808.2	3.3866e-09
808.4	2.8709e-09
808.6	2.4338e-09
808.8	2.0632e-09
809.0	1.749e-09
809.2	1.4827e-09
809.4	1.257e-09
809.6	1.0656e-09
809.8	9.8392e-10
810.0	9.8469e-10
810.2	9.8546e-10
810.4	9.8623e-10
810.6	9.87e-10
810.8	9.8777e-10
811.0	9.8854e-10
811.2	9.8931e-10
811.4	9.9008e-10
811.6	9.9085e-10
811.8	9.9163e-10
812.0	9.924e-10
812.2	9.9318e-10
812.4	9.9395e-10
812.6	9.9473e-10
812.8	9.955e-10
813.0	9.9628e-10
813.2	9.9706e-10
813.4	9.9784e-10
813.6	9.9862e-10
813.8	9.994e-10
814.0	1.0002e-09
814.2	1.001e-09
814.4	1.0017e-09
814.6	1.0025e-09
814.8	1.0038e-09
815.0	1.0051e-09
815.2	1.0064e-09
815.4	1.0077e-09
815.6	1.009e-09
815.8	1.0103e-09
816.0	1.0116e-09
816.2	1.0129e-09
816.4	1.0142e-09
816.6	1.0155e-09
816.8	1.0168e-09
817.0	1.0181e-09
817.2	1.0194e-09
817.4	1.0207e-09
817.6	1.022e-09
817.8	1.0233e-09
818.0	1.0246e-09
818.2	1.0259e-09
818.4	1.0272e-09
818.6	1.0286e-09
818.8	1.0299e-09
819.0	1.0312e-09
819.2	1.0325e-09
819.4	1.0338e-09
819.6	1.0665e-09
819.8	1.1297e-09
820.0	1.1967e-09
820.2	1.2676e-09
820.4	1.3427e-09
820.6	1.4223e-09
820.8	1.5065e-09
821.0	1.5958e-09
821.2	1.6904e-09
821.4	1.7905e-09
821.6	1.8966e-09
821.8	2.009e-09
822.0	2.1281e-09
822.2	2.2542e-09
822.4	2.3878e-09
822.6	2.5293e-09
822.8	2.6792e-09
823.0	2.8379e-09
823.2	3.0061e-09
823.4	3.1842e-09
823.6	3.3729e-09
823.8	3.5728e-09
824.0	3.7845e-09
824.2	4.0088e-09
824.4	4.2367e-09
824.6	4.0058e-09
824.8	3.7874e-09
825.0	3.5809e-09
825.2	3.3857e-09
825.4	3.2012e-09
825.6	3.0267e-09
825.8	2.8617e-09
826.0	2.7057e-09
826.2	2.5582e-09
826.4	2.4187e-09
826.6	2.2869e-09
826.8	2.1622e-09
827.0	2.0444e-09
827.2	1.9329e-09
827.4	1.8276e-09
827.6	1.7279e-09
827.8	1.6337e-09
828.0	1.5447e-09
828.2	1.4605e-09
828.4	1.3809e-09
828.6	1.3056e-09
828.8	1.2344e-09
829.0	1.1671e-09
829.2	1.1035e-09
829.4	1.0991e-09
829.6	1.1498e-09
829.8	1.2027e-09
830.0	1.2581e-09
830.2	1.3161e-09
830.4	1.3768e-09
830.6	1.4402e-09
830.8	1.5065e-09
831.0	1.576e-09
831.2	1.6486e-09
831.4	1.7245e-09
831.6	1.804e-09
831.8	1.8871e-09
832.0	1.974e-09
832.2	2.065e-09
832.4	2.1601e-09
832.6	2.2597e-09
832.8	2.3638e-09
833.0	2.4727e-09
833.2	2.5866e-09
833.4	2.7058e-09
833.6	2.8304e-09
833.8	2.9609e-09
834.0	3.0973e-09
834.2	3.2327e-09
834.4	3.0905e-09
834.6	2.9546e-09
834.8	2.8246e-09
835.0	2.7004e-09
835.2	2.5816e-09
835.4	2.4681e-09
835.6	2.3595e-09
835.8	2.2557e-09
836.0	2.1565e-09
836.2	2.0617e-09
836.4	1.971e-09
836.6	1.8843e-09
836.8	1.8014e-09
837.0	1.7222e-09
837.2	1.6464e-09
837.4	1.574e-09
837.6	1.5048e-09
837.8	1.4386e-09
838.0	1.3753e-09
838.2	1.3148e-09
838.4	1.257e-09
838.6	1.2017e-09
838.8	1.1489e-09
839.0	1.0983e-09
839.2	1.1728e-09
839.4	1.3815e-09
839.6	1.6273e-09
839.8	1.9168e-09
840.0	2.2579e-09
840.2	2.6596e-09
840.4	3.1327e-09
840.6	3.6901e-09
840.8	4.3466e-09
841.0	5.12e-09
841.2	6.0309e-09
841.4	7.1039e-09
841.6	8.3678e-09
841.8	9.8565e-09
842.0	1.161e-08
842.2	1.3676e-08
842.4	1.6109e-08
842.6	1.8975e-08
842.8	2.2351e-08
843.0	2.6328e-08
843.2	3.1012e-08
843.4	3.6529e-08
843.6	4.3028e-08
843.8	5.0683e-08
844.0	5.9592e-08
844.2	6.7064e-08
844.4	7.5473e-08
844.6	8.4936e-08
844.8	9.5586e-08
845.0	1.0757e-07
845.2	1.2106e-07
845.4	1.3624e-07
845.6	1.5332e-07
845.8	1.7255e-07
846.0	1.9418e-07
846.2	2.1853e-07
846.4	2.4593e-07
846.6	2.7677e-07
846.8	3.1147e-07
847.0	3.5052e-07
847.2	3.9447e-07
847.4	4.4394e-07
847.6	4.996e-07
847.8	5.6224e-07
848.0	6.3274e-07
848.2	7.1208e-07
848.4	8.0137e-07
848.6	9.0185e-07
848.8	1.0149e-06
849.0	1.0251e-06
849.2	9.4605e-07
849.4	8.7308e-07
849.6	8.0573e-07
849.8	7.4358e-07
850.0	6.8622e-07
850.2	6.3329e-07
850.4	5.8444e-07
850.6	5.3936e-07
850.8	4.9775e-07
851.0	4.5936e-07
851.2	4.2393e-07
851.4	3.9123e-07
851.6	3.6105e-07
851.8	3.332e-07
852.0	3.075e-07
852.2	2.8378e-07
852.4	2.6189e-07
852.6	2.4169e-07
852.8	2.2304e-07
853.0	2.0584e-07
853.2	1.8996e-07
853.4	1.7531e-07
853.6	1.6179e-07
853.8	1.4961e-07
854.0	1.4528e-07
854.2	1.4107e-07
854.4	1.3699e-07
854.6	1.3302e-07
854.8	1.2917e-07
855.0	1.2543e-07
855.2	1.218e-07
855.4	1.1827e-07
855.6	1.1485e-07
855.8	1.1152e-07
856.0	1.0829e-07
856.2	1.0516e-07
856.4	1.0211e-07
856.6	9.9155e-08
856.8	9.6284e-08
857.0	9.3496e-08
857.2	9.0789e-08
857.4	8.816e-08
857.6	8.5607e-08
857.8	8.3129e-08
858.0	8.0722e-08
858.2	7.8384e-08
858.4	7.6115e-08
858.6	7.3911e-08
858.8	7.4093e-08
859.0	7.6359e-08
859.2	7.8695e-08
859.4	8.1103e-08
859.6	8.3584e-08
859.8	8.6141e-08
860.0	8.8776e-08
860.2	9.1492e-08
860.4	9.4291e-08
860.6	9.7176e-08
860.8	1.0015e-07
861.0	1.0321e-07
861.2	1.0637e-07
861.4	1.0962e-07
861.6	1.1298e-07
861.8	1.1643e-07
862.0	1.2e-07
862.2	1.2367e-07
862.4	1.2745e-07
862.6	1.3135e-07
862.8	1.3537e-07
863.0	1.3951e-07
863.2	1.4378e-07
863.4	1.4817e-07
863.6	1.5282e-07
863.8	1.6138e-07
864.0	1.7042e-07
864.2	1.7996e-07
864.4	1.9004e-07
864.6	2.0068e-07
864.8	2.1192e-07
865.0	2.2379e-07
865.2	2.3632e-07
865.4	2.4956e-07
865.6	2.6354e-07
865.8	2.783e-07
866.0	2.9388e-07
866.2	3.1034e-07
866.4	3.2772e-07
866.6	3.4608e-07
866.8	3.6546e-07
867.0	3.8593e-07
867.2	4.0754e-07
867.4	4.3036e-07
867.6	4.5447e-07
867.8	4.7992e-07
868.0	5.068e-07
868.2	5.3518e-07
868.4	5.6515e-07
868.6	5.8782e-07
868.8	6.029e-07
869.0	6.1837e-07
869.2	6.3423e-07
869.4	6.505e-07
869.6	6.6719e-07
869.8	6.843e-07
870.0	7.0186e-07
870.2	7.1986e-07
870.4	7.3833e-07
870.6	7.5727e-07
870.8	7.7669e-07
871.0	7.9661e-07
871.2	8.1705e-07
871.4	8.3801e-07
871.6	8.5951e-07
871.8	8.8155e-07
872.0	9.0417e-07
872.2	9.2736e-07
872.4	9.5115e-07
872.6	9.7555e-07
872.8	1.0006e-06
873.0	1.0262e-06
873.2	1.0526e-06
873.4	1.0784e-06
873.6	1.0279e-06
873.8	9.7982e-07
874.0	9.3397e-07
874.2	8.9026e-07
874.4	8.486e-07
874.6	8.0889e-07
874.8	7.7104e-07
875.0	7.3496e-07
875.2	7.0057e-07
875.4	6.6779e-07
875.6	6.3654e-07
875.8	6.0675e-07
876.0	5.7836e-07
876.2	5.5129e-07
876.4	5.255e-07
876.6	5.0091e-07
876.8	4.7747e-07
877.0	4.5512e-07
877.2	4.3383e-07
877.4	4.1353e-07
877.6	3.9417e-07
877.8	3.7573e-07
878.0	3.5815e-07
878.2	3.4139e-07
878.4	3.2968e-07
878.6	3.2239e-07
878.8	3.1526e-07
879.0	3.0829e-07
879.2	3.0148e-07
879.4	2.9481e-07
879.6	2.8829e-07
879.8	2.8192e-07
880.0	2.7568e-07
880.2	2.6959e-07
880.4	2.6363e-07
880.6	2.578e-07
880.8	2.521e-07
881.0	2.4652e-07
881.2	2.4107e-07
881.4	2.3574e-07
881.6	2.3053e-07
881.8	2.2543e-07
882.0	2.2045e-07
882.2	2.1557e-07
882.4	2.108e-07
882.6	2.0614e-07
882.8	2.0158e-07
883.0	1.9713e-07
883.2	1.9289e-07
883.4	1.933e-07
883.6	1.9371e-07
883.8	1.9412e-07
884.0	1.9453e-07
884.2	1.9495e-07
884.4	1.9536e-07
884.6	1.9578e-07
884.8	1.962e-07
885.0	1.9662e-07
885.2	1.9703e-07
885.4	1.9745e-07
885.6	1.9787e-07
885.8	1.983e-07
886.0	1.9872e-07
886.2	1.9914e-07
886.4	1.9957e-07
886.6	1.9999e-07
886.8	2.0042e-07
887.0	2.0084e-07
887.2	2.0127e-07
887.4	2.017e-07
887.6	2.0213e-07
887.8	2.0256e-07
888.0	2.0299e-07
888.2	2.043e-07
888.4	2.0639e-07
888.6	2.085e-07
888.8	2.1063e-07
889.0	2.1278e-07
889.2	2.1495e-07
889.4	2.1715e-07
889.6	2.1937e-07
889.8	2.2161e-07
890.0	2.2388e-07
890.2	2.2616e-07
890.4	2.2847e-07
890.6	2.3081e-07
890.8	2.3317e-07
891.0	2.3555e-07
891.2	2.3796e-07
891.4	2.4039e-07
891.6	2.4284e-07
891.8	2.4533e-07
892.0	2.4783e-07
892.2	2.5037e-07
892.4	2.5292e-07
892.6	2.5551e-07
892.8	2.5812e-07
893.0	2.6083e-07
893.2	2.6502e-07
893.4	2.6927e-07
893.6	2.736e-07
893.8	2.7799e-07
894.0	2.8246e-07
894.2	2.87e-07
894.4	2.9161e-07
894.6	2.9629e-07
894.8	3.0105e-07
895.0	3.0589e-07
895.2	3.108e-07
895.4	3.158e-07
895.6	3.2087e-07
895.8	3.2602e-07
896.0	3.3126e-07
896.2	3.3658e-07
896.4	3.4199e-07
896.6	3.4748e-07
896.8	3.5307e-07
897.0	3.5874e-07
897.2	3.645e-07
897.4	3.7036e-07
897.6	3.7631e-07
897.8	3.8235e-07
898.0	3.9197e-07
898.2	4.0471e-07
898.4	4.1786e-07
898.6	4.3144e-07
898.8	4.4546e-07
899.0	4.5994e-07
899.2	4.7489e-07
899.4	4.9033e-07
899.6	5.0626e-07
899.8	5.2272e-07
900.0	5.3971e-07
900.2	5.5725e-07
900.4	5.7536e-07
900.6	5.9406e-07
900.8	6.1337e-07
901.0	6.333e-07
901.2	6.5388e-07
901.4	6.7514e-07
901.6	6.9708e-07
901.8	7.1974e-07
902.0	7.4313e-07
902.2	7.6728e-07
902.4	7.9222e-07
902.6	8.1797e-07
902.8	8.4409e-07
903.0	8.6198e-07
903.2	8.8026e-07
903.4	8.9893e-07
903.6	9.1799e-07
903.8	9.3745e-07
904.0	9.5733e-07
904.2	9.7763e-07
904.4	9.9836e-07
904.6	1.0195e-06
904.8	1.0411e-06
905.0	1.0632e-06
905.2	1.0858e-06
905.4	1.1088e-06
905.6	1.1323e-06
905.8	1.1563e-06
906.0	1.1808e-06
906.2	1.2059e-06
906.4	1.2314e-06
906.6	1.2576e-06
906.8	1.2842e-06
907.0	1.3115e-06
907.2	1.3393e-06
907.4	1.3677e-06
907.6	1.3967e-06
907.8	1.3801e-06
908.0	1.3274e-06
908.2	1.2768e-06
908.4	1.228e-06
908.6	1.1812e-06
908.8	1.1361e-06
909.0	1.0928e-06
909.2	1.0511e-06
909.4	1.011e-06
909.6	9.7239e-07
909.8	9.3528e-07
910.0	8.996e-07
910.2	8.6527e-07
910.4	8.3226e-07
910.6	8.005e-07
910.8	7.6996e-07
911.0	7.4058e-07
911.2	7.1232e-07
911.4	6.8514e-07
911.6	6.59e-07
911.8	6.3385e-07
912.0	6.0967e-07
912.2	5.864e-07
912.4	5.6403e-07
912.6	5.4248e-07
912.8	5.2086e-07
913.0	5.001e-07
913.2	4.8017e-07
913.4	4.6103e-07
913.6	4.4266e-07
913.8	4.2502e-07
914.0	4.0808e-07
914.2	3.9181e-07
914.4	3.762e-07
914.6	3.612e-07
914.8	3.4681e-07
915.0	3.3299e-07
915.2	3.1971e-07
915.4	3.0697e-07
915.6	2.9474e-07
915.8	2.8299e-07
916.0	2.7171e-07
916.2	2.6088e-07
916.4	2.5049e-07
916.6	2.405e-07
916.8	2.3092e-07
917.0	2.2171e-07
917.2	2.1288e-07
917.4	2.0439e-07
917.6	1.9798e-07
917.8	1.934e-07
918.0	1.8892e-07
918.2	1.8454e-07
918.4	1.8027e-07
918.6	1.761e-07
918.8	1.7202e-07
919.0	1.6803e-07
919.2	1.6414e-07
919.4	1.6034e-07
919.6	1.5663e-07
919.8	1.53e-07
920.0	1.4946e-07
920.2	1.46e-07
920.4	1.4262e-07
920.6	1.3931e-07
920.8	1.3609e-07
921.0	1.3294e-07
921.2	1.2986e-07
921.4	1.2685e-07
921.6	1.2391e-07
921.8	1.2104e-07
922.0	1.1824e-07
922.2	1.155e-07
922.4	1.1286e-07
922.6	1.1327e-07
922.8	1.1368e-07
923.0	1.141e-07
923.2	1.1451e-07
923.4	1.1493e-07
923.6	1.1535e-07
923.8	1.1577e-07
924.0	1.1619e-07
924.2	1.1662e-07
924.4	1.1704e-07
924.6	1.1747e-07
924.8	1.179e-07
925.0	1.1833e-07
925.2	1.1876e-07
925.4	1.1919e-07
925.6	1.1962e-07
925.8	1.2006e-07
926.0	1.205e-07
926.2	1.2094e-07
926.4	1.2138e-07
926.6	1.2182e-07
926.8	1.2226e-07
927.0	1.2271e-07
927.2	1.2316e-07
927.4	1.2195e-07
927.6	1.192e-07
927.8	1.1651e-07
928.0	1.1388e-07
928.2	1.1131e-07
928.4	1.088e-07
928.6	1.0634e-07
928.8	1.0394e-07
929.0	1.016e-07
929.2	9.9307e-08
929.4	9.7067e-08
929.6	9.4876e-08
929.8	9.2736e-08
930.0	9.0643e-08
930.2	8.8598e-08
930.4	8.6599e-08
930.6	8.4645e-08
930.8	8.2735e-08
931.0	8.0869e-08
931.2	7.9044e-08
931.4	7.7261e-08
931.6	7.5517e-08
931.8	7.3813e-08
932.0	7.2148e-08
932.2	7.0582e-08
932.4	7.3119e-08
932.6	7.5747e-08
932.8	7.847e-08
933.0	8.1291e-08
933.2	8.4213e-08
933.4	8.7241e-08
933.6	9.0377e-08
933.8	9.3626e-08
934.0	9.6991e-08
934.2	1.0048e-07
934.4	1.0409e-07
934.6	1.0783e-07
934.8	1.1171e-07
935.0	1.1572e-07
935.2	1.1988e-07
935.4	1.2419e-07
935.6	1.2866e-07
935.8	1.3328e-07
936.0	1.3807e-07
936.2	1.4304e-07
936.4	1.4818e-07
936.6	1.5351e-07
936.8	1.5902e-07
937.0	1.6474e-07
937.2	1.6974e-07
937.4	1.7402e-07
937.6	1.7841e-07
937.8	1.8291e-07
938.0	1.8752e-07
938.2	1.9225e-07
938.4	1.971e-07
938.6	2.0207e-07
938.8	2.0716e-07
939.0	2.1238e-07
939.2	2.1774e-07
939.4	2.2323e-07
939.6	2.2886e-07
939.8	2.3463e-07
940.0	2.4055e-07
940.2	2.4661e-07
940.4	2.5283e-07
940.6	2.592e-07
940.8	2.6574e-07
941.0	2.7244e-07
941.2	2.7931e-07
941.4	2.8635e-07
941.6	2.9357e-07
941.8	3.0097e-07
942.0	3.0866e-07
942.2	3.2144e-07
942.4	3.3475e-07
942.6	3.4861e-07
942.8	3.6305e-07
943.0	3.7808e-07
943.2	3.9374e-07
943.4	4.1004e-07
943.6	4.2702e-07
943.8	4.447e-07
944.0	4.6312e-07
944.2	4.8229e-07
944.4	5.0226e-07
944.6	5.2306e-07
944.8	5.4472e-07
945.0	5.6727e-07
945.2	5.9076e-07
945.4	6.1523e-07
945.6	6.407e-07
945.8	6.6723e-07
946.0	6.9486e-07
946.2	7.2363e-07
946.4	7.536e-07
946.6	7.848e-07
946.8	8.173e-07
947.0	8.4575e-07
947.2	8.7007e-07
947.4	8.9509e-07
947.6	9.2084e-07
947.8	9.4732e-07
948.0	9.7456e-07
948.2	1.0026e-06
948.4	1.0314e-06
948.6	1.0611e-06
948.8	1.0916e-06
949.0	1.123e-06
949.2	1.1553e-06
949.4	1.1885e-06
949.6	1.2227e-06
949.8	1.2578e-06
950.0	1.294e-06
950.2	1.3312e-06
950.4	1.3695e-06
950.6	1.4089e-06
950.8	1.4494e-06
951.0	1.4911e-06
951.2	1.534e-06
951.4	1.5781e-06
951.6	1.6235e-06
951.8	1.6679e-06
952.0	1.6496e-06
952.2	1.6316e-06
952.4	1.6137e-06
952.6	1.596e-06
952.8	1.5785e-06
953.0	1.5613e-06
953.2	1.5442e-06
953.4	1.5273e-06
953.6	1.5105e-06
953.8	1.494e-06
954.0	1.4777e-06
954.2	1.4615e-06
954.4	1.4455e-06
954.6	1.4296e-06
954.8	1.414e-06
955.0	1.3985e-06
955.2	1.3832e-06
955.4	1.3681e-06
955.6	1.3531e-06
955.8	1.3383e-06
956.0	1.3236e-06
956.2	1.3091e-06
956.4	1.2948e-06
956.6	1.2806e-06
956.8	1.2623e-06
957.0	1.2409e-06
957.2	1.2198e-06
957.4	1.1991e-06
957.6	1.1788e-06
957.8	1.1588e-06
958.0	1.1391e-06
958.2	1.1198e-06
958.4	1.1007e-06
958.6	1.0821e-06
958.8	1.0637e-06
959.0	1.0456e-06
959.2	1.0279e-06
959.4	1.0104e-06
959.6	9.933e-07
959.8	9.7644e-07
960.0	9.5987e-07
960.2	9.4357e-07
960.4	9.2815e-07
960.6	9.2417e-07
960.8	9.202e-07
961.0	9.1625e-07
961.2	9.1232e-07
961.4	9.084e-07
961.6	9.045e-07
961.8	9.0062e-07
962.0	8.9675e-07
962.2	8.929e-07
962.4	8.8907e-07
962.6	8.8525e-07
962.8	8.8145e-07
963.0	8.7767e-07
963.2	8.739e-07
963.4	8.7015e-07
963.6	8.6641e-07
963.8	8.6269e-07
964.0	8.5899e-07
964.2	8.5696e-07
964.4	8.5631e-07
964.6	8.5567e-07
964.8	8.5502e-07
965.0	8.5438e-07
965.2	8.5373e-07
965.4	8.5309e-07
965.6	8.5245e-07
965.8	8.518e-07
966.0	8.5116e-07
966.2	8.5052e-07
966.4	8.4988e-07
966.6	8.4924e-07
966.8	8.486e-07
967.0	8.4796e-07
967.2	8.4732e-07
967.4	8.4668e-07
967.6	6.9581e-07
967.8	4.5029e-07
968.0	2.914e-07
968.2	1.8858e-07
968.4	1.2204e-07
968.6	7.8978e-08
968.8	5.111e-08
969.0	3.3076e-08
969.2	2.1405e-08
969.4	1.3852e-08
969.6	8.9645e-09
969.8	5.8013e-09
970.0	3.7543e-09
970.2	2.4296e-09
970.4	1.5723e-09
970.6	2.9554e-09
970.8	6.8579e-09
971.0	1.5914e-08
971.2	3.6927e-08
971.4	8.5688e-08
971.6	1.9884e-07
971.8	4.614e-07
972.0	1.0707e-06
972.2	1.2327e-06
972.4	9.9604e-07
972.6	1.5296e-06
972.8	9.8356e-07
973.0	9.6989e-07
973.2	9.711e-07
973.4	1.846e-06
973.6	1.6894e-06
973.8	2.0612e-06
974.0	1.6445e-06
974.2	2.8283e-06
974.4	1.8401e-06
974.6	5.2946e-07
974.8	2.0854e-06
975.0	2.299e-06
975.2	1.9594e-06
975.4	1.7567e-06
975.6	1.3501e-06
975.8	1.8305e-06
976.0	1.9861e-06
976.2	2.8238e-06
976.4	2.7759e-06
976.6	1.6228e-06
976.8	2.8012e-06
977.0	1.1913e-06
977.2	2.6512e-06
977.4	2.4752e-06
977.6	3.2384e-06
977.8	3.2186e-06
978.0	2.8532e-06
978.2	1.9264e-06
978.4	2.8843e-06
978.6	2.3278e-06
978.8	2.2588e-06
979.0	3.7766e-06
979.2	3.3386e-06
979.4	3.8596e-06
979.6	2.4249e-06
979.8	2.4275e-06
980.0	3.6934e-06
980.2	4.0565e-06
980.4	3.2138e-06
980.6	4.9206e-06
980.8	5.3682e-06
981.0	4.4366e-06
981.2	3.8799e-06
981.4	4.1609e-06
981.6	4.4179e-06
981.8	4.1725e-06
982.0	6.8008e-06
982.2	5.4122e-06
982.4	6.2357e-06
982.6	6.6573e-06
982.8	4.742e-06
983.0	6.6486e-06
983.2	5.1316e-06
983.4	6.6922e-06
983.6	7.7875e-06
983.8	5.9167e-06
984.0	7.1747e-06
984.2	8.1666e-06
984.4	7.5352e-06
984.6	7.2163e-06
984.8	8.8789e-06
985.0	8.8608e-06
985.2	9.2251e-06
985.4	9.6126e-06
985.6	1.0902e-05
985.8	1.1303e-05
986.0	1.1025e-05
986.2	9.8258e-06
986.4	1.3937e-05
986.6	1.2458e-05
986.8	1.3471e-05
987.0	1.3349e-05
987.2	1.495e-05
987.4	1.6104e-05
987.6	1.3649e-05
987.8	1.8113e-05
988.0	1.8136e-05
988.2	1.8911e-05
988.4	1.8633e-05
988.6	2.1627e-05
988.8	2.2571e-05
989.0	2.2658e-05
989.2	2.2417e-05
989.4	2.7232e-05
989.6	2.8044e-05
989.8	2.8313e-05
990.0	2.9678e-05
990.2	3.4761e-05
990.4	3.4673e-05
990.6	3.8065e-05
990.8	4.1838e-05
991.0	4.3606e-05
991.2	4.4834e-05
991.4	4.776e-05
991.6	5.1035e-05
991.8	5.5269e-05
992.0	5.6739e-05
992.2	6.4542e-05
992.4	6.7681e-05
992.6	7.4242e-05
992.8	7.7074e-05
993.0	7.9265e-05
993.2	9.1107e-05
993.4	9.65e-05
993.6	1.0454e-04
993.8	1.1169e-04
994.0	1.1784e-04
994.2	1.2747e-04
994.4	1.3367e-04
994.6	1.3888e-04
994.8	1.5316e-04
995.0	1.569e-04
995.2	1.7352e-04
995.4	1.7483e-04
995.6	1.8854e-04
995.8	1.9773e-04
996.0	2.007e-04
996.2	2.119e-04
996.4	2.2383e-04
996.6	2.251e-04
996.8	2.3523e-04
997.0	2.3588e-04
997.2	2.4239e-04
997.4	2.6062e-04
997.6	2.5524e-04
997.8	2.6118e-04
998.0	2.6393e-04
998.2	2.6006e-04
998.4	2.7525e-04
998.6	2.6937e-04
998.8	2.6909e-04
999.0	2.6987e-04
999.2	2.7415e-04
999.4	2.6987e-04
999.6	2.6984e-04
999.8	2.6778e-04
1000.0	2.6653e-04
1000.2	2.6526e-04
1000.4	2.5997e-04
1000.6	2.625e-04
1000.8	2.6167e-04
1001.0	2.5491e-04
1001.2	2.5641e-04
1001.4	2.4896e-04
1001.6	2.4985e-04
1001.8	2.5965e-04
1002.0	2.5092e-04
1002.2	2.5551e-04
1002.4	2.5366e-04
1002.6	2.5508e-04
1002.8	2.5709e-04
1003.0	2.4839e-04
1003.2	2.5056e-04
1003.4	2.5549e-04
1003.6	2.5844e-04
1003.8	2.5416e-04
1004.0	2.5512e-04
1004.2	2.5999e-04
1004.4	2.6009e-04
1004.6	2.6783e-04
1004.8	2.6851e-04
1005.0	2.7349e-04
1005.2	2.7024e-04
1005.4	2.7305e-04
1005.6	2.7234e-04
1005.8	2.8344e-04
1006.0	2.8025e-04
1006.2	2.8271e-04
1006.4	2.9561e-04
1006.6	2.9128e-04
1006.8	3.0458e-04
1007.0	3.1023e-04
1007.2	3.1722e-04
1007.4	3.1564e-04
1007.6	3.3642e-04
1007.8	3.363e-04
1008.0	3.3764e-04
1008.2	3.5547e-04
1008.4	3.651e-04
1008.6	3.6813e-04
1008.8	3.7713e-04
1009.0	3.9804e-04
1009.2	3.9996e-04
1009.4	4.0047e-04
1009.6	4.2036e-04
1009.8	4.5487e-04
1010.0	4.5459e-04
1010.2	4.7428e-04
1010.4	4.9304e-04
1010.6	5.0104e-04
1010.8	5.3113e-04
1011.0	5.4094e-04
1011.2	5.6516e-04
1011.4	5.911e-04
1011.6	6.2576e-04
1011.8	6.3583e-04
1012.0	6.7935e-04
1012.2	7.143e-04
1012.4	7.4108e-04
1012.6	7.657e-04
1012.8	7.9815e-04
1013.0	8.465e-04
1013.2	8.7886e-04
1013.4	9.3146e-04
1013.6	9.7444e-04
1013.8	0.00104
1014.0	0.00109
1014.2	0.00113
1014.4	0.00119
1014.6	0.00127
1014.8	0.00134
1015.0	0.00143
1015.2	0.00149
1015.4	0.00158
1015.6	0.00167
1015.8	0.00175
1016.0	0.00184
1016.2	0.00197
1016.4	0.00204
1016.6	0.00217
1016.8	0.00227
1017.0	0.0024
1017.2	0.00251
1017.4	0.0026
1017.6	0.00273
1017.8	0.00284
1018.0	0.00296
1018.2	0.00304
1018.4	0.00317
1018.6	0.00326
1018.8	0.00333
1019.0	0.00338
1019.2	0.0034
1019.4	0.00348
1019.6	0.0035
1019.8	0.00349
1020.0	0.00357
1020.2	0.00355
1020.4	0.00355
1020.6	0.0035
1020.8	0.00347
1021.0	0.00342
1021.2	0.00338
1021.4	0.00335
1021.6	0.00329
1021.8	0.00319
1022.0	0.00314
1022.2	0.00313
1022.4	0.00306
1022.6	0.003
1022.8	0.00292
1023.0	0.00285
1023.2	0.00282
1023.4	0.00273
1023.6	0.00273
1023.8	0.00265
1024.0	0.0026
1024.2	0.00255
1024.4	0.00248
1024.6	0.00244
1024.8	0.00241
1025.0	0.00237
1025.2	0.00231
1025.4	0.00232
1025.6	0.00229
1025.8	0.00225
1026.0	0.00222
1026.2	0.0022
1026.4	0.00218
1026.6	0.00215
1026.8	0.00217
1027.0	0.00214
1027.2	0.0021
1027.4	0.00213
1027.6	0.00211
1027.8	0.00213
1028.0	0.00208
1028.2	0.0021
1028.4	0.00209
1028.6	0.0021
1028.8	0.0021
1029.0	0.00217
1029.2	0.00213
1029.4	0.00211
1029.6	0.00215
1029.8	0.00216
1030.0	0.00221
1030.2	0.00218
1030.4	0.00223
1030.6	0.00223
1030.8	0.00226
1031.0	0.00231
1031.2	0.00229
1031.4	0.00234
1031.6	0.00239
1031.8	0.00244
1032.0	0.00247
1032.2	0.00257
1032.4	0.00256
1032.6	0.00262
1032.8	0.00265
1033.0	0.00273
1033.2	0.00283
1033.4	0.00284
1033.6	0.00298
1033.8	0.00304
1034.0	0.0031
1034.2	0.00318
1034.4	0.00325
1034.6	0.00341
1034.8	0.00349
1035.0	0.0036
1035.2	0.00379
1035.4	0.00384
1035.6	0.00396
1035.8	0.0042
1036.0	0.00433
1036.2	0.00454
1036.4	0.00468
1036.6	0.00485
1036.8	0.0051
1037.0	0.00532
1037.2	0.0056
1037.4	0.00586
1037.6	0.00612
1037.8	0.00646
1038.0	0.00674
1038.2	0.00713
1038.4	0.00769
1038.6	0.00803
1038.8	0.00852
1039.0	0.00902
1039.2	0.00962
1039.4	0.01021
1039.6	0.01089
1039.8	0.01177
1040.0	0.01248
1040.2	0.01347
1040.4	0.01446
1040.6	0.01561
1040.8	0.01681
1041.0	0.01843
1041.2	0.01986
1041.4	0.02174
1041.6	0.02377
1041.8	0.02599
1042.0	0.02874
1042.2	0.03152
1042.4	0.03495
1042.6	0.03869
1042.8	0.04301
1043.0	0.04799
1043.2	0.05313
1043.4	0.05984
1043.6	0.06661
1043.8	0.07452
1044.0	0.08297
1044.2	0.09204
1044.4	0.10203
1044.6	0.11147
1044.8	0.12143
1045.0	0.13068
1045.2	0.13806
1045.4	0.14248
1045.6	0.14386
1045.8	0.14321
1046.0	0.13964
1046.2	0.13404
1046.4	0.12758
1046.6	0.11949
1046.8	0.11166
1047.0	0.10322
1047.2	0.09555
1047.4	0.0879
1047.6	0.08121
1047.8	0.07504
1048.0	0.06946
1048.2	0.06428
1048.4	0.05953
1048.6	0.05573
1048.8	0.05217
1049.0	0.04876
1049.2	0.04599
1049.4	0.04306
1049.6	0.04096
1049.8	0.03835
1050.0	0.03658
1050.2	0.03471
1050.4	0.03314
1050.6	0.03155
1050.8	0.03033
1051.0	0.02918
1051.2	0.02799
1051.4	0.02701
1051.6	0.02608
1051.8	0.02528
1052.0	0.02449
1052.2	0.02376
1052.4	0.02309
1052.6	0.02242
1052.8	0.02198
1053.0	0.02168
1053.2	0.02111
1053.4	0.02074
1053.6	0.02042
1053.8	0.01999
1054.0	0.01982
1054.2	0.01954
1054.4	0.01904
1054.6	0.01901
1054.8	0.01879
1055.0	0.01857
1055.2	0.01837
1055.4	0.01837
1055.6	0.01808
1055.8	0.01817
1056.0	0.01811
1056.2	0.01799
1056.4	0.01801
1056.6	0.01789
1056.8	0.0181
1057.0	0.01796
1057.2	0.01796
1057.4	0.01797
1057.6	0.01803
1057.8	0.01807
1058.0	0.01839
1058.2	0.01836
1058.4	0.01864
1058.6	0.01864
1058.8	0.01894
1059.0	0.01903
1059.2	0.01922
1059.4	0.01937
1059.6	0.01967
1059.8	0.02002
1060.0	0.02008
1060.2	0.02047
1060.4	0.02073
1060.6	0.02105
1060.8	0.02167
1061.0	0.02164
1061.2	0.02205
1061.4	0.02251
1061.6	0.02276
1061.8	0.02368
1062.0	0.02386
1062.2	0.02464
1062.4	0.02467
1062.6	0.0257
1062.8	0.02577
1063.0	0.02647
1063.2	0.02733
1063.4	0.02759
1063.6	0.02869
1063.8	0.02923
1064.0	0.02998
1064.2	0.03099
1064.4	0.03143
1064.6	0.03217
1064.8	0.03315
1065.0	0.03396
1065.2	0.03523
1065.4	0.03586
1065.6	0.03748
1065.8	0.03797
1066.0	0.03877
1066.2	0.03995
1066.4	0.04097
1066.6	0.04263
1066.8	0.04403
1067.0	0.04542
1067.2	0.04613
1067.4	0.04795
1067.6	0.04905
1067.8	0.05037
1068.0	0.05207
1068.2	0.05308
1068.4	0.05508
1068.6	0.05691
1068.8	0.05821
1069.0	0.06043
1069.2	0.06165
1069.4	0.06432
1069.6	0.06564
1069.8	0.06727
1070.0	0.06892
1070.2	0.07079
1070.4	0.07297
1070.6	0.07431
1070.8	0.07665
1071.0	0.07795
1071.2	0.08068
1071.4	0.08233
1071.6	0.08519
1071.8	0.08624
1072.0	0.08782
1072.2	0.08981
1072.4	0.09184
1072.6	0.0937
1072.8	0.09519
1073.0	0.09724
1073.2	0.09986
1073.4	0.1009
1073.6	0.10365
1073.8	0.1051
1074.0	0.10667
1074.2	0.10817
1074.4	0.1103
1074.6	0.1116
1074.8	0.11343
1075.0	0.11529
1075.2	0.117
1075.4	0.11954
1075.6	0.12031
1075.8	0.1235
1076.0	0.12431
1076.2	0.12633
1076.4	0.12782
1076.6	0.12906
1076.8	0.13111
1077.0	0.1327
1077.2	0.13472
1077.4	0.13675
1077.6	0.13894
1077.8	0.14203
1078.0	0.14373
1078.2	0.14582
1078.4	0.14769
1078.6	0.15006
1078.8	0.15156
1079.0	0.15532
1079.2	0.15646
1079.4	0.16
1079.6	0.16183
1079.8	0.16457
1080.0	0.16672
1080.2	0.17031
1080.4	0.17392
1080.6	0.17617
1080.8	0.17968
1081.0	0.18217
1081.2	0.18507
1081.4	0.18827
1081.6	0.19118
1081.8	0.19442
1082.0	0.19718
1082.2	0.20059
1082.4	0.20399
1082.6	0.206
1082.8	0.20923
1083.0	0.21242
1083.2	0.2152
1083.4	0.21845
1083.6	0.22053
1083.8	0.22365
1084.0	0.2255
1084.2	0.22699
1084.4	0.22872
1084.6	0.22975
1084.8	0.23061
1085.0	0.23209
1085.2	0.23212
1085.4	0.23176
1085.6	0.23217
1085.8	0.23067
1086.0	0.23004
1086.2	0.22865
1086.4	0.22624
1086.6	0.22394
1086.8	0.222
1087.0	0.21906
1087.2	0.21516
1087.4	0.21248
1087.6	0.2076
1087.8	0.20504
1088.0	0.20063
1088.2	0.19665
1088.4	0.19167
1088.6	0.18638
1088.8	0.18207
1089.0	0.17744
1089.2	0.17323
1089.4	0.16811
1089.6	0.16355
1089.8	0.15824
1090.0	0.14988
1090.2	0.1409
1090.4	0.13699
1090.6	0.13234
1090.8	0.12867
1091.0	0.12525
1091.2	0.12082
1091.4	0.11812
1091.6	0.11379
1091.8	0.11153
1092.0	0.10725
1092.2	0.10459
1092.4	0.10056
1092.6	0.09743
1092.8	0.09483
1093.0	0.0917
1093.2	0.0894
1093.4	0.08697
1093.6	0.0845
1093.8	0.08202
1094.0	0.07996
1094.2	0.07838
1094.4	0.07611
1094.6	0.07426
1094.8	0.07245
1095.0	0.0709
1095.2	0.06922
1095.4	0.06749
1095.6	0.06618
1095.8	0.06489
1096.0	0.06338
1096.2	0.06229
1096.4	0.06047
1096.6	0.05939
1096.8	0.05813
1097.0	0.05708
1097.2	0.05576
1097.4	0.05505
1097.6	0.05392
1097.8	0.05338
1098.0	0.05224
1098.2	0.05143
1098.4	0.05077
1098.6	0.0499
1098.8	0.04959
1099.0	0.04871
1099.2	0.0481
1099.4	0.048
1099.6	0.04715
1099.8	0.04705
1100.0	0.04594
1100.2	0.04581
1100.4	0.04511
1100.6	0.04498
1100.8	0.04438
1101.0	0.04416
1101.2	0.04382
1101.4	0.0439
1101.6	0.04353
1101.8	0.04305
1102.0	0.04338
1102.2	0.04271
1102.4	0.04266
1102.6	0.04238
1102.8	0.04222
1103.0	0.04191
1103.2	0.04235
1103.4	0.04184
1103.6	0.04202
1103.8	0.04183
1104.0	0.04183
1104.2	0.04188
1104.4	0.04194
1104.6	0.04187
1104.8	0.0422
1105.0	0.04218
1105.2	0.04213
1105.4	0.04269
1105.6	0.04253
1105.8	0.04285
1106.0	0.0429
1106.2	0.04326
1106.4	0.04384
1106.6	0.04397
1106.8	0.04398
1107.0	0.04437
1107.2	0.0453
1107.4	0.04504
1107.6	0.0456
1107.8	0.04627
1108.0	0.04688
1108.2	0.04702
1108.4	0.04778
1108.6	0.04857
1108.8	0.04906
1109.0	0.05018
1109.2	0.05007
1109.4	0.05112
1109.6	0.05175
1109.8	0.05282
1110.0	0.05318
1110.2	0.05398
1110.4	0.05504
1110.6	0.05634
1110.8	0.05693
1111.0	0.05818
1111.2	0.05881
1111.4	0.06021
1111.6	0.06145
1111.8	0.06268
1112.0	0.06427
1112.2	0.06519
1112.4	0.0667
1112.6	0.06851
1112.8	0.07054
1113.0	0.07136
1113.2	0.07401
1113.4	0.07469
1113.6	0.07671
1113.8	0.07855
1114.0	0.08074
1114.2	0.0834
1114.4	0.08552
1114.6	0.08751
1114.8	0.08934
1115.0	0.09252
1115.2	0.09526
1115.4	0.09828
1115.6	0.10059
1115.8	0.10382
1116.0	0.10698
1116.2	0.11039
1116.4	0.11365
1116.6	0.11765
1116.8	0.12162
1117.0	0.12589
1117.2	0.12921
1117.4	0.1339
1117.6	0.13841
1117.8	0.14297
1118.0	0.14812
1118.2	0.1533
1118.4	0.15864
1118.6	0.16383
1118.8	0.16978
1119.0	0.1762
1119.2	0.18196
1119.4	0.18742
1119.6	0.19454
1119.8	0.19973
1120.0	0.16286
1120.2	0.16884
1120.4	0.17504
1120.6	0.18146
1120.8	0.18812
1121.0	0.19501
1121.2	0.20168
1121.4	0.20858
1121.6	0.21572
1121.8	0.2231
1122.0	0.23074
1122.2	0.23846
1122.4	0.24644
1122.6	0.25469
1122.8	0.26322
1123.0	0.27197
1123.2	0.27949
1123.4	0.28721
1123.6	0.29515
1123.8	0.3033
1124.0	0.31167
1124.2	0.31837
1124.4	0.32522
1124.6	0.33221
1124.8	0.33935
1125.0	0.34658
1125.2	0.35113
1125.4	0.35574
1125.6	0.3604
1125.8	0.36514
1126.0	0.3698
1126.2	0.37151
1126.4	0.37322
1126.6	0.37494
1126.8	0.37667
1127.0	0.37837
1127.2	0.37775
1127.4	0.37713
1127.6	0.37651
1127.8	0.3759
1128.0	0.37521
1128.2	0.37233
1128.4	0.36947
1128.6	0.36663
1128.8	0.36381
1129.0	0.36097
1129.2	0.35732
1129.4	0.35369
1129.6	0.35011
1129.8	0.34656
1130.0	0.34304
1130.2	0.33901
1130.4	0.33504
1130.6	0.3311
1130.8	0.32722
1131.0	0.32338
1131.2	0.31954
1131.4	0.31574
1131.6	0.31199
1131.8	0.30829
1132.0	0.30463
1132.2	0.30122
1132.4	0.29786
1132.6	0.29453
1132.8	0.29123
1133.0	0.28798
1133.2	0.2849
1133.4	0.28185
1133.6	0.27884
1133.8	0.27585
1134.0	0.27291
1134.2	0.27021
1134.4	0.26753
1134.6	0.26489
1134.8	0.26227
1135.0	0.25969
1135.2	0.25777
1135.4	0.25586
1135.6	0.25396
1135.8	0.25208
1136.0	0.25021
1136.2	0.24824
1136.4	0.24628
1136.6	0.24434
1136.8	0.24241
1137.0	0.2405
1137.2	0.23874
1137.4	0.23699
1137.6	0.23525
1137.8	0.23352
1138.0	0.23181
1138.2	0.23022
1138.4	0.22865
1138.6	0.22709
1138.8	0.22553
1139.0	0.22399
1139.2	0.22234
1139.4	0.2207
1139.6	0.21908
1139.8	0.21746
1140.0	0.21585
1140.2	0.21404
1140.4	0.21224
1140.6	0.21046
1140.8	0.20869
1141.0	0.20694
1141.2	0.20478
1141.4	0.20264
1141.6	0.20052
1141.8	0.19843
1142.0	0.19635
1142.2	0.1941
1142.4	0.19187
1142.6	0.18967
1142.8	0.1875
1143.0	0.18535
1143.2	0.18291
1143.4	0.18051
1143.6	0.17815
1143.8	0.17581
1144.0	0.1735
1144.2	0.171
1144.4	0.16855
1144.6	0.16613
1144.8	0.16374
1145.0	0.16137
1145.2	0.15871
1145.4	0.1561
1145.6	0.15352
1145.8	0.15099
1146.0	0.1485
1146.2	0.14597
1146.4	0.14347
1146.6	0.14102
1146.8	0.13862
1147.0	0.13625
1147.2	0.13384
1147.4	0.13147
1147.6	0.12915
1147.8	0.12686
1148.0	0.12462
1148.2	0.12242
1148.4	0.12025
1148.6	0.11812
1148.8	0.11603
1149.0	0.11397
1149.2	0.11187
1149.4	0.10981
1149.6	0.10779
1149.8	0.10581
1150.0	0.10386
1150.2	0.102
1150.4	0.10016
1150.6	0.09836
1150.8	0.09659
1151.0	0.09485
1151.2	0.09327
1151.4	0.09172
1151.6	0.09019
1151.8	0.08869
1152.0	0.08721
1152.2	0.08581
1152.4	0.08443
1152.6	0.08308
1152.8	0.08174
1153.0	0.08043
1153.2	0.07923
1153.4	0.07805
1153.6	0.07689
1153.8	0.07574
1154.0	0.07462
1154.2	0.07362
1154.4	0.07263
1154.6	0.07166
1154.8	0.0707
1155.0	0.06976
1155.2	0.06892
1155.4	0.06809
1155.6	0.06727
1155.8	0.06646
1156.0	0.06566
1156.2	0.06494
1156.4	0.06423
1156.6	0.06353
1156.8	0.06283
1157.0	0.06215
1157.2	0.06159
1157.4	0.06104
1157.6	0.0605
1157.8	0.05996
1158.0	0.05942
1158.2	0.05899
1158.4	0.05856
1158.6	0.05814
1158.8	0.05771
1159.0	0.0573
1159.2	0.057
1159.4	0.05669
1159.6	0.05639
1159.8	0.0561
1160.0	0.0558
1160.2	0.05556
1160.4	0.05531
1160.6	0.05507
1160.8	0.05483
1161.0	0.05459
1161.2	0.0545
1161.4	0.05441
1161.6	0.05432
1161.8	0.05422
1162.0	0.05413
1162.2	0.05411
1162.4	0.05408
1162.6	0.05405
1162.8	0.05403
1163.0	0.05401
1163.2	0.05408
1163.4	0.05416
1163.6	0.05424
1163.8	0.05432
1164.0	0.05439
1164.2	0.05461
1164.4	0.05483
1164.6	0.05504
1164.8	0.05526
1165.0	0.05548
1165.2	0.05576
1165.4	0.05603
1165.6	0.05631
1165.8	0.05659
1166.0	0.05688
1166.2	0.05733
1166.4	0.05779
1166.6	0.05826
1166.8	0.05872
1167.0	0.0592
1167.2	0.05977
1167.4	0.06035
1167.6	0.06094
1167.8	0.06153
1168.0	0.06213
1168.2	0.06289
1168.4	0.06366
1168.6	0.06444
1168.8	0.06522
1169.0	0.06602
1169.2	0.06696
1169.4	0.06791
1169.6	0.06888
1169.8	0.06986
1170.0	0.07085
1170.2	0.07209
1170.4	0.07334
1170.6	0.07462
1170.8	0.07592
1171.0	0.07725
1171.2	0.07884
1171.4	0.08046
1171.6	0.08211
1171.8	0.0838
1172.0	0.08553
1172.2	0.08734
1172.4	0.08919
1172.6	0.09108
1172.8	0.09302
1173.0	0.095
1173.2	0.09759
1173.4	0.10025
1173.6	0.10298
1173.8	0.10579
1174.0	0.10867
1174.2	0.11167
1174.4	0.11476
1174.6	0.11793
1174.8	0.12119
1175.0	0.12455
1175.2	0.12878
1175.4	0.13314
1175.6	0.13766
1175.8	0.14233
1176.0	0.14717
1176.2	0.15247
1176.4	0.15795
1176.6	0.16363
1176.8	0.16952
1177.0	0.17563
1177.2	0.1829
1177.4	0.19046
1177.6	0.19834
1177.8	0.20654
1178.0	0.2151
1178.2	0.22444
1178.4	0.23419
1178.6	0.24436
1178.8	0.25497
1179.0	0.26606
1179.2	0.27922
1179.4	0.29302
1179.6	0.30751
1179.8	0.32271
1180.0	0.33866
1180.2	0.3552
1180.4	0.37255
1180.6	0.39074
1180.8	0.40983
1181.0	0.42985
1181.2	0.45148
1181.4	0.47419
1181.6	0.49805
1181.8	0.52311
1182.0	0.54929
1182.2	0.57113
1182.4	0.59384
1182.6	0.61744
1182.8	0.64199
1183.0	0.66711
1183.2	0.68437
1183.4	0.70208
1183.6	0.72024
1183.8	0.73887
1184.0	0.75773
1184.2	0.75977
1184.4	0.76182
1184.6	0.76387
1184.8	0.76593
1185.0	0.7674
1185.2	0.75266
1185.4	0.73821
1185.6	0.72403
1185.8	0.71012
1186.0	0.69632
1186.2	0.67292
1186.4	0.6503
1186.6	0.62844
1186.8	0.60731
1187.0	0.58675
1187.2	0.56234
1187.4	0.53894
1187.6	0.51652
1187.8	0.49503
1188.0	0.47442
1188.2	0.45447
1188.4	0.43536
1188.6	0.41705
1188.8	0.39951
1189.0	0.38273
1189.2	0.36772
1189.4	0.3533
1189.6	0.33944
1189.8	0.32613
1190.0	0.31334
1190.2	0.30114
1190.4	0.28941
1190.6	0.27815
1190.8	0.26732
1191.0	0.25694
1191.2	0.2488
1191.4	0.24092
1191.6	0.23328
1191.8	0.22589
1192.0	0.21875
1192.2	0.21217
1192.4	0.2058
1192.6	0.19961
1192.8	0.19361
1193.0	0.18782
1193.2	0.18294
1193.4	0.17819
1193.6	0.17357
1193.8	0.16906
1194.0	0.16468
1194.2	0.16098
1194.4	0.15736
1194.6	0.15382
1194.8	0.15036
1195.0	0.147
1195.2	0.14411
1195.4	0.14129
1195.6	0.13851
1195.8	0.1358
1196.0	0.13315
1196.2	0.13104
1196.4	0.12897
1196.6	0.12692
1196.8	0.12491
1197.0	0.12294
1197.2	0.12121
1197.4	0.11951
1197.6	0.11784
1197.8	0.11619
1198.0	0.11457
1198.2	0.1132
1198.4	0.11185
1198.6	0.11052
1198.8	0.10921
1199.0	0.10792
1199.2	0.10703
1199.4	0.10614
1199.6	0.10527
1199.8	0.10439
1200.0	0.10353
